-0.48087
-0.75123
0.54365
-1.02853
-0.29894
-0.97297
-1.09244
-0.13982
-1.19354
0.40206
-0.84816
-0.19479
-1.13015
-0.97460
-0.71002
-0.83660
-0.22008
0.48223
-0.65829
-0.65590
-0.77328
-0.62338
-0.03245
-0.59586
-0.59644
-0.12340
-0.39546
-1.21275
-0.85312
-0.46945
0.12561
-1.01354
-0.31367
0.03948
-1.19884
2.92490
-0.97144
-0.36720
-1.05431
-0.64820
0.53010
-0.66472
-0.92451
-0.33968
-0.55994
-1.07955
1.50180
-1.20954
-1.21294
-0.12494
-1.21267
-1.19731
-0.91459
0.08215
-0.37664
0.03762
-0.77792
-1.11206
0.31155
-0.74999
-1.17616
-0.98073
0.08571
2.65588
0.10382
-0.66202
-0.94497
-0.41052
-1.04261
-0.26187
-0.57634
-1.07154
-0.52142
-0.67202
-0.93211
0.49047
-0.65862
0.89524
-0.74795
0.19446
-1.21293
-0.79438
-0.29551
-0.98206
-0.78700
-0.93866
0.64044
-1.20687
-1.03319
-0.56140
0.28039
-0.66560
0.29347
-0.48334
-0.88754
-1.10225
0.49702
-0.48143
-1.01338
-0.81393
-0.97029
-0.14234
1.21982
-0.05922
-1.11398
-0.53127
-0.58967
0.12722
-0.87181
-0.30412
-0.35989
-0.86376
-0.97073
-0.45224
0.66537
-0.51726
-0.55276
-0.24638
-0.28567
-1.15724
1.07499
2.35542
-0.55207
-0.25552
-0.08785
1.49937
-0.15376
-1.20801
-0.32808
-0.99796
-1.20044
-0.94985
-1.16373
-0.73803
0.13766
-0.29115
-0.24058
-0.93152
0.44091
-0.66497
-0.82121
-0.55486
-0.18051
-0.95893
0.25221
-1.12537
-0.33204
-0.76601
-0.80892
-0.85093
-0.12307
-0.57301
-1.21003
0.97023
-0.85296
-0.79010
-0.65669
-0.53432
0.59102
-0.45760
-0.72346
-0.69409
-1.18352
0.78259
-0.26549
-0.29745
0.09145
-1.04293
0.63981
-0.48360
-0.96767
0.41835
-0.86505
0.53395
-0.88644
-0.06146
-0.44949
-1.07492
-0.63774
-0.26740
-1.21287
-1.17657
-0.67202
0.23346
-0.46774
0.01703
-1.00670
-0.26261
-0.86843
-0.67464
-0.11571
-0.75802
-0.24932
-0.33382
-0.77447
-0.92875
-0.39629
-0.26056
-0.59711
-0.75692
-1.15834
-0.20627
-1.10597
-0.50409
-0.67421
0.76488
-0.40585
-0.82380
-1.12314
-0.48589
-0.40508
0.20329
-0.40164
-0.53943
-0.83219
-0.85727
-0.65346
0.99840
-0.85693
-1.11361
-0.61574
-0.53167
0.32181
-0.74990
-0.99686
0.49272
-0.60431
-0.69286
0.23964
0.76673
-1.18204
-0.41334
-1.05286
-0.72229
0.81755
-0.90426
0.33294
0.07983
0.70759
0.36514
-0.92347
-1.14610
-0.93134
-1.17355
1.24021
-1.18365
-0.69855
-1.06363
-0.34050
0.27071
-0.61987
-0.77835
0.03201
-0.78212
0.10170
-1.12991
-1.09227
-1.20366
-0.62536
-0.41175
-0.70284
0.11248
-0.89835
-0.73638
-0.85998
0.21727
-0.98459
0.06647
-0.97189
-0.59655
-0.51045
-1.05946
-0.67869
-0.47044
-0.83718
-0.28352
-1.06373
-0.82539
-0.37618
-0.71568
-1.14281
-0.33988
-0.32687
-0.38051
-0.38264
-0.90079
-0.99326
-0.53978
-0.81096
-1.05125
1.26849
-1.19344
-0.05030
0.12628
-0.74745
-0.79753
0.53534
-0.50691
-0.04682
-1.17182
0.23918
-0.62099
-0.70406
0.54674
-0.78118
0.03424
-1.15299
-1.06641
-0.67720
-0.25262
0.47119
-0.81693
-0.43590
-1.03729
-0.75867
-0.42772
-1.21266
-1.02854
-0.74001
-0.18180
-0.83895
0.03221
-0.40728
0.76325
-0.98178
-0.55215
-0.75458
-1.21292
-1.10979
-0.68134
-1.19871
-1.15716
-0.75768
-0.68937
-0.27272
-1.21165
-1.18566
-1.05919
-0.36001
-1.08541
-1.14831
0.33246
4.00780
-1.18245
0.38348
-1.01931
-0.80944
0.90069
-0.54014
0.27062
-1.19849
0.08404
-0.57403
-0.82426
0.54351
-1.13585
-0.68973
-1.20050
-0.70803
0.10165
-1.16037
-0.00092
0.91335
-0.83204
-0.87700
-0.99714
-1.14945
-0.53772
-1.19354
-0.64499
-0.08215
0.95357
-1.15441
-0.92574
-0.78585
-0.18500
0.21320
-0.93783
-1.13177
-0.60830
-1.21255
-1.11527
-0.32474
-0.28356
-0.63003
-0.60468
0.51845
-1.03719
-0.28825
-0.38304
-0.60239
0.61911
-1.03751
-0.45915
-0.77550
0.41763
-0.97325
-0.27784
-1.06066
-1.05328
-0.66544
-0.99195
-1.13432
-0.32694
-0.41141
-0.17166
-0.80564
-0.21748
0.00716
0.68070
3.87090
-1.09653
1.45733
-0.75171
-0.44410
0.97113
-1.18121
-0.04156
-0.93888
-1.18681
-0.03874
-0.32241
-1.16326
0.77654
-1.19344
-0.10606
-0.86832
-0.91093
-1.15758
1.54348
-0.44448
-0.33498
1.50540
-0.99663
0.02959
-1.16698
-0.16759
-0.14442
-0.94545
-1.16555
0.40643
-0.01353
-0.39615
-0.91453
-1.18866
-0.16771
0.02105
-1.08598
-0.80708
-0.98800
-0.40406
-0.93656
-1.21204
-0.84948
-1.15199
-0.70607
-0.28666
-0.23657
-1.20133
-0.36811
-1.20694
0.08297
-0.10420
-1.04967
0.39736
0.32508
-1.03963
-0.41847
0.77293
-1.21132
0.96425
-0.27142
-1.08423
-0.39787
-0.69323
0.40070
-1.20956
-0.43783
-1.21188
-0.75275
-1.07560
1.95660
-1.19063
-0.77799
-1.08247
-0.94718
0.12006
-0.83456
-1.05372
-0.13603
-0.46677
-0.75622
-0.61143
-0.93314
-1.20339
-0.61389
-0.78984
-1.18393
-0.87717
-0.55665
-0.52780
-0.35357
-0.65485
-0.90083
-0.27586
-1.15096
1.07802
0.99191
-0.74389
-0.96909
-1.13681
-0.07709
-0.99707
-0.99880
0.74849
-0.49003
-0.41812
-0.11167
-0.33301
-1.14053
-0.29548
-1.15132
-1.05638
-0.23515
-1.13777
0.33768
-0.91953
-1.11777
-0.66164
-1.16137
1.68759
-0.93930
-1.13606
-0.38709
-0.31014
0.44395
-1.19117
0.54752
-0.58248
-1.01567
0.01491
-0.58165
-1.19980
-1.16933
-0.92088
-1.15627
0.97798
1.11094
-0.95565
0.25724
0.44531
-0.90172
-0.84470
0.67647
-1.12847
-0.97822
1.59697
-1.05294
-0.79638
-0.04615
-0.67625
-1.10974
-1.19886
-0.69686
-0.10400
-0.92765
-0.29215
-0.92229
-0.78551
0.40965
0.49386
-0.64517
-1.17713
0.14273
-1.20187
-0.55355
-0.45599
-0.80190
-0.48411
-0.45938
-0.75544
-0.17064
-0.86855
-0.52738
-0.42171
-0.78975
-0.82449
-1.17608
-0.98552
0.32049
-0.48666
-0.91884
0.25048
-0.97278
-0.79482
-1.16370
-0.73441
-0.39913
0.52381
0.00728
-1.20319
-0.06211
-1.16197
0.45181
-0.78802
-0.41480
-1.09050
0.79232
-1.06651
0.85214
-1.21294
-1.15558
0.80374
-0.82678
-0.36985
-0.98693
-0.21356
-0.04275
-0.20464
-0.26616
-1.19832
0.19945
-0.89161
-0.41890
-0.04983
-1.19688
-0.03079
-0.68880
-0.96758
-0.91863
-0.96429
0.50077
-1.06959
-0.34638
-0.16642
-0.77978
-0.74003
-0.75630
0.37576
-0.98292
-0.26014
0.40420
0.06769
0.54253
-0.75364
0.42427
1.86657
-0.38179
-1.13336
-0.96953
-0.19294
-1.10211
-0.97943
0.14346
-0.94857
-0.89011
0.03148
-0.50480
-1.19838
-0.33318
-0.77893
-1.14480
-0.45612
-0.10156
-0.90141
-0.42282
0.44970
-0.34511
-0.68976
-1.05094
-0.77503
-1.21273
0.41543
-1.08699
-0.73324
0.71514
-1.21284
-0.59172
0.66115
-1.00350
-1.01340
-0.77027
-1.07489
-0.40304
-0.90773
-0.58863
-0.71793
-1.10610
0.43402
-0.42261
-0.07167
-0.59358
0.47663
0.70394
-1.12496
0.51843
-0.64429
-1.12056
-0.97466
-0.78464
-0.90685
-0.55019
-1.18289
-1.21061
1.09874
-0.29273
-1.20750
-0.62383
-0.03702
-0.15153
-0.87203
-0.43485
-0.86988
-0.03526
-0.88331
-0.53572
-0.75140
-0.99289
-0.66959
-0.85804
-0.98126
0.07766
-0.58967
0.50702
-0.88570
-0.28783
-0.78452
-0.81887
-0.73881
-1.21265
-0.51760
-0.66531
-1.07144
-0.67894
0.34610
0.43401
-0.24864
-0.56304
-0.91915
0.43769
-0.54407
0.16918
-0.52837
-0.85498
-1.19048
-0.25226
-0.96002
-0.24866
-0.76114
-0.24072
-1.21236
-0.95273
-1.02910
-0.27854
-1.12514
-0.61344
-1.19001
-0.70213
0.17514
-1.17270
0.17427
-0.29420
0.80283
-0.73731
-0.89097
-0.71537
-0.78221
0.61652
-0.57137
-1.05435
-1.09247
-0.03533
-1.18493
-0.76666
-0.72445
-0.84173
-0.81649
1.56681
-1.21292
-0.27198
-0.92073
-0.77749
-1.09181
-1.12475
-0.85025
-0.58691
-0.47141
-0.32536
-0.84925
1.62984
1.08579
-1.03710
0.09837
-1.18165
-1.20804
-0.34446
-0.44002
-0.96232
-0.68718
-0.36747
-0.97108
-0.54199
-1.01816
-1.19861
-0.52380
-1.08092
-0.03756
-1.18904
-1.08754
-1.14393
-0.96819
-0.20247
-0.93502
-1.21175
-1.03052
0.20033
-0.42628
-0.18063
-0.94793
