1.34498
3.11348
2.72183
1.31897
2.26556
0.47143
-0.01071
1.48376
-1.08323
1.38112
4.02949
2.41237
4.37099
1.60126
3.04696
2.52166
1.08872
1.33373
0.97548
0.23605
2.08484
1.56241
2.92926
0.60932
1.33235
1.02657
2.14294
4.27810
1.36534
1.59465
2.10994
3.36102
-0.96154
2.46052
2.43379
0.85726
3.44503
4.40452
1.81286
3.28252
2.09355
-0.53821
2.08088
1.09916
3.77436
1.47972
0.12439
0.92063
0.64176
0.38849
0.57185
-1.00345
0.85767
1.07084
1.96385
-0.08167
2.29694
3.69807
0.69498
1.55525
4.67888
2.18554
0.29370
1.32376
5.30397
1.97873
0.91105
3.89396
0.73959
4.28584
5.27990
3.90030
5.83159
1.49757
0.88103
0.38355
1.09339
4.55470
1.08641
3.87331
3.30249
3.19089
0.86551
0.34193
0.06009
2.50446
2.12955
4.21007
1.49701
2.47332
2.69399
-0.14211
0.27442
3.61657
0.76940
1.78324
3.84660
2.07882
0.85207
3.68246
1.13694
2.09891
1.62753
2.67251
-0.20917
1.90841
0.13183
1.87699
1.99694
0.58821
3.71796
0.22924
4.55672
0.80824
0.22783
0.22916
3.95599
1.89403
0.28418
-0.07350
0.88479
0.28421
3.82167
1.24248
0.71995
-0.41895
2.06174
1.27686
2.83576
3.46670
0.29970
0.70017
1.17989
-0.56271
-0.24209
-0.10492
0.18591
1.00721
1.72874
5.75855
0.41759
0.74130
1.57196
2.33156
1.05137
1.33655
3.94878
0.83818
4.26325
2.61406
1.14949
1.41585
0.65596
1.20674
1.89237
2.37706
0.93470
0.88510
1.46021
1.83253
3.12747
1.32878
0.02003
1.21045
2.96719
0.84027
1.69057
4.67699
0.66741
1.02721
1.77936
1.10832
0.55693
3.69795
1.19469
3.43565
0.98709
2.64476
2.28758
0.56914
0.02762
0.40831
0.23554
3.52567
2.46647
-1.17360
2.87523
-0.12874
2.11597
1.97506
2.23244
3.11199
0.81913
1.16075
1.37823
2.14103
1.37145
1.70834
1.55204
1.54494
