-0.96884
-1.04711
-0.68715
-0.12943
0.12878
-1.00302
-0.84710
1.04797
-0.95433
-1.15930
-0.90222
-1.09275
-1.21234
-0.91125
-1.02727
-1.12049
-0.84433
-0.67504
-0.99642
0.01765
-1.21153
0.49545
-1.11967
-0.23064
-1.21292
-0.45011
-1.07391
-0.81229
-0.78259
-0.92200
-1.17917
-1.07577
-1.16782
-0.67181
-1.15750
-0.41990
-1.21292
-1.18830
-0.71750
-0.29572
-0.62610
-0.68633
-0.51135
-0.41593
-1.07523
0.39464
-0.93906
-1.05728
1.61989
-1.09847
-1.09454
-0.21869
-1.16337
-0.70709
-0.76172
-0.42600
-0.47758
-1.19801
-1.20930
-0.85748
-1.18161
0.10422
-0.66871
-1.13027
-0.99567
-1.21281
-0.99015
-0.64624
-0.33497
-0.84256
-1.20849
-1.08273
-0.70345
-0.66384
-0.70536
-1.18074
-0.24315
-0.78441
-0.85873
-1.20067
-0.87291
-0.93300
-1.18819
-1.21126
0.93176
-1.20294
-1.18069
-1.18247
-0.79820
-0.60218
-0.33071
-0.93013
-1.08667
-0.24714
-0.43651
-1.13095
-1.10190
-0.66284
-0.17793
-1.16648
-1.19542
-1.20821
0.13280
-0.25037
1.04416
0.84054
0.49405
-0.69340
0.06283
-1.03292
-0.63490
-0.61640
-1.20992
-0.69952
0.37003
-0.14786
-0.82708
-1.13917
-0.29999
0.84173
-0.60050
-0.75064
-1.21246
-1.13605
-0.54770
0.63614
-0.96826
-0.33938
-1.06431
-1.19529
-0.26490
-0.28420
-0.53536
-1.14759
-0.99926
-0.98662
5.42836
-0.95823
-0.92741
-0.32910
-0.70837
-0.54866
1.33537
-0.54694
0.32621
1.65102
-0.44882
-1.12515
-0.78380
-1.21292
-0.48388
-0.74194
-0.82041
-0.66663
-0.33076
-0.40554
-1.09763
-1.19842
-1.20937
-0.32532
-1.11362
-0.87223
-0.51943
-0.06695
1.36685
-0.48297
1.26962
-0.36466
-1.07087
0.37192
-1.18381
-0.52885
0.41986
-0.70642
0.77433
0.14293
-0.43742
-0.22963
-0.55315
-0.66556
-1.17789
