-0.38931
-0.72290
-0.99072
-0.91974
-0.78294
-1.08682
-0.81551
-0.49146
-0.99669
-0.33000
-0.83840
-0.61409
-0.74950
-0.73146
-0.75506
-0.54551
-0.62094
-0.41948
-0.83885
-0.17182
-1.06006
-1.15223
-0.69256
-0.80027
-0.97031
-0.53824
-0.91655
-0.95007
-0.27155
-0.82192
-0.85217
-0.17325
-0.25459
-0.05726
-0.56167
-0.14362
-0.08010
-0.05513
-0.34633
-1.21684
-0.86263
-0.87614
-0.54151
-0.07185
-0.96515
-0.98338
-0.93178
-0.32758
-0.75248
-0.64801
-0.65751
-0.54195
-0.37495
-0.61805
-0.61306
-0.24050
-0.98101
-0.72239
-0.77710
-0.17263
-0.55811
-0.22934
-1.14648
-0.47111
-0.43450
-0.64894
-1.02008
-1.05905
-0.78040
0.26105
-0.93630
0.21353
-0.56765
-0.91587
0.29347
-0.05348
-1.05239
-0.91970
-0.73868
-1.06799
-0.41674
-0.63068
-0.23269
-0.78755
-0.53277
-0.60033
-0.24320
-0.79323
-0.77599
-0.50289
-1.18250
-0.79542
-0.14916
-0.99516
-1.16585
0.27327
-0.09839
-0.18825
-0.35823
-0.61948
-1.09603
-0.69096
-1.04212
-0.60623
-0.94424
-0.60840
-0.78370
-1.09273
-0.79896
-0.58920
-0.77386
-0.79221
0.38468
-1.18189
-0.55079
-0.43626
-0.65032
0.67505
-0.96541
-0.95237
-1.10662
-1.10624
-0.91149
-0.72402
-0.42325
-0.95789
-0.81762
-0.81323
-0.08172
-1.20671
-0.15873
-0.67687
-0.95680
-1.00869
-0.92278
-0.57343
-1.19589
-0.08007
-0.73852
-0.75582
-0.90056
-0.66153
0.13829
-0.92785
-0.35365
-0.25375
-0.00563
-1.06331
-0.95417
-0.62816
-0.81652
-1.00167
-0.57568
-0.75334
-0.55179
-0.96010
-0.40696
0.06741
-0.24069
-0.90006
0.28435
0.08531
-0.47841
-0.82310
-0.55407
-1.00474
-0.49509
-0.37890
-0.05366
-0.26672
-1.02061
-0.58269
0.13461
-0.06428
-0.20334
-0.25749
-0.85844
-0.36812
-0.74005
-1.01372
0.08317
-0.76752
-0.73324
-0.14725
-0.92703
-0.90903
0.31608
-0.41526
