3.16921
0.23259
0.80932
1.71882
2.17594
1.34236
1.65380
2.72741
1.04459
-0.14468
1.12365
1.37060
-0.38302
1.25009
0.95260
0.60757
-0.48273
1.40143
2.78707
1.92847
2.94991
1.13649
1.07464
1.11215
0.89051
1.80832
1.29431
0.97624
1.68507
1.32793
0.29585
1.80672
2.76733
1.01150
1.53897
2.41750
0.30219
0.15687
0.82224
2.51880
0.33618
0.48633
2.00922
0.81722
1.59933
2.58941
1.59103
2.52778
0.41363
2.56266
0.69246
1.37725
3.28789
1.05423
0.31138
0.73293
-0.38285
1.52808
3.46387
-0.01620
2.97761
3.53633
1.46389
0.13992
1.62486
1.89615
3.13475
3.39930
0.29162
1.61557
2.87567
0.45227
0.13840
1.60027
2.40695
2.71129
1.00560
1.45948
-0.28820
-0.07380
2.05310
2.04752
2.54151
1.09466
2.55142
0.97706
1.73369
1.22461
0.86079
-0.05305
1.35963
2.02530
2.19379
4.27714
1.18439
1.87966
0.09721
1.86184
2.34991
-0.50698
2.47847
0.92660
1.05605
2.10625
1.99931
-0.41257
-0.17544
0.18370
1.77227
1.53011
1.24596
0.22808
0.54094
-1.04587
1.66644
0.23139
0.61527
0.43394
2.00569
0.02163
1.58494
-0.10249
0.69463
0.17509
0.04307
1.66149
1.01388
0.62045
2.01365
1.84754
-0.81636
-0.12963
1.62547
2.37201
2.62086
0.61654
0.56537
0.38785
1.71324
1.45431
2.97065
0.04333
-0.77194
2.74975
-0.36225
0.39264
1.49384
4.49326
-0.47638
1.68579
0.72787
0.93625
0.58564
1.50585
-0.24338
1.57376
1.00184
0.42989
0.23033
0.39217
-0.00857
2.17692
1.40678
0.19237
0.66569
0.38704
0.80642
0.50031
-0.00035
0.06630
1.47314
1.59444
2.79396
2.05188
1.22600
2.84987
0.48254
1.34491
0.68086
1.26550
1.72132
0.48578
2.07774
-0.51667
0.85215
-0.29347
1.55803
0.44973
-0.80858
