-0.38931
-0.72290
-0.38743
-0.92977
0.09078
-0.34240
-0.75331
-0.07736
-0.08853
0.33243
-1.19511
0.66645
0.07697
0.05569
-1.11291
-0.99072
-0.22381
-0.69727
-0.91974
-0.16515
-0.96907
-1.03914
-0.78294
-0.18145
-0.59772
-0.59655
-1.08682
-0.20482
-0.21766
-1.13708
-0.81551
0.28098
-0.75115
0.64815
-0.43781
-1.12001
-0.49146
-0.68518
0.00856
-0.82888
-0.99669
-0.46364
-0.76451
-0.64106
-0.75819
-0.36191
0.20644
-1.05286
-0.33000
-0.52113
0.00507
-1.06345
-0.83840
0.11947
-1.12690
-0.61409
-0.76659
-0.35476
-0.76043
-0.00452
-0.55913
0.89774
-0.99822
-0.74950
-0.55026
-0.04559
-0.59620
-0.94432
-0.56722
-0.07528
-0.43837
-1.02328
-0.46159
0.11220
-0.90056
-0.73146
-0.99903
0.11247
-0.29450
-0.74782
-0.75506
-0.54198
-0.68419
-0.40366
-0.38769
-0.49930
-1.16897
-0.54551
-0.62094
0.70172
-1.21699
-0.41948
-1.15949
-0.83885
0.35459
-0.40235
-0.65864
-0.65499
-0.41308
-0.39584
-0.00431
-0.97133
-0.56738
0.27583
-1.16036
-0.17182
-0.44482
-0.23558
0.69704
-1.16281
-1.06006
-1.15223
-0.69256
-0.90035
0.72802
-0.40560
-0.55867
-0.98637
0.16627
-1.06367
-0.25966
-0.20343
-0.86203
-0.43329
-1.20074
-0.80027
-0.97031
-0.08345
-1.07645
0.15908
-0.62097
-0.75871
0.16545
-1.18748
-0.53824
-0.66341
0.21245
-1.00941
-0.91655
-1.03109
-0.95007
-0.83069
-0.57370
-0.77653
-0.27155
-0.61428
-0.54114
0.33290
-1.12866
-0.26829
-0.06488
0.02282
-1.17117
-0.82192
-0.23774
-0.76275
0.14451
-0.83395
-0.85217
-0.76542
-0.77479
-0.17325
-0.82141
-1.06904
-0.37721
-0.51878
-1.12272
-0.25459
-1.16339
-0.49226
-0.72326
-0.48316
-0.76234
-0.05726
-1.15445
-0.69981
-0.58239
-0.56167
-0.68238
-1.00070
-0.01418
-0.32400
-0.89123
-0.56255
-1.10855
-0.14362
-0.88663
-0.08010
-1.13328
-0.34644
-0.70477
-0.53656
-0.98409
-0.05513
-0.96278
1.02010
-1.21830
-0.34633
-0.36059
-0.91602
-0.59538
0.12826
-1.19431
-1.21684
-0.65911
-0.08668
-0.75902
-0.86263
-0.10828
-0.00579
-0.45165
-0.75569
-0.56274
-0.28208
0.17017
-0.39866
-1.15858
-0.87614
0.06848
-0.54424
-0.99185
-0.51361
-0.85623
-0.54151
-1.09929
-0.48649
0.26284
-0.09486
-0.80019
-1.21100
-0.07185
-1.17748
-0.96515
-0.47712
-0.53817
-0.41468
-0.46945
0.42426
-1.11334
-0.98338
-0.76433
-0.99578
-0.93178
-0.23631
-0.59919
-0.57966
-0.51925
-1.14237
-0.32758
-0.47618
-0.92763
-0.70878
-0.69748
-0.83997
-0.75248
-0.75542
-0.44899
0.43914
-0.50157
-0.42908
0.30724
-0.99914
-1.15587
-0.14612
-0.79400
-0.64801
-0.45561
0.14617
-1.22013
-0.65751
-0.38181
-0.94614
-0.54195
-0.95955
-0.57571
-0.37495
-1.11244
0.08184
-0.83578
-0.25303
-0.36871
-0.15955
-0.63781
-0.57822
0.20638
-0.27328
-1.21321
-0.61805
-0.96030
-0.61306
-0.87972
-0.60541
-0.49092
-0.35240
-0.55843
-0.78988
-0.24050
-0.91021
-0.98101
0.54770
0.55188
-1.17524
-1.22264
-0.72239
-0.70221
-0.98493
-0.11128
-0.55926
-0.60358
-0.94634
0.36650
-0.88976
-1.07936
-0.77710
-0.17263
-0.43654
0.23709
-0.90873
0.44814
-0.82942
-0.98330
-0.18325
-0.94134
-0.55811
-0.70689
-0.86977
-0.22934
-0.74982
-0.92263
-0.36730
-0.14767
-0.63725
-0.30992
-0.48839
-0.39822
-0.65163
-1.20382
-1.14648
-0.72241
-0.62049
-0.65441
-0.82713
-0.49648
-0.08481
-0.26968
-0.17525
-0.84691
-0.47111
-1.06144
0.17642
-0.92066
-0.81469
0.04277
-0.60783
-0.43450
-0.25297
-0.48073
-0.66750
-1.08377
-0.64894
-0.35624
-0.54896
-1.13366
-1.02008
-0.94875
-0.48203
-0.21225
-0.81806
-1.22164
-1.05905
-0.78040
-0.75253
0.48533
-1.20732
0.26105
-0.76391
-0.70853
-0.13954
0.09942
-0.48851
-1.10459
-0.93630
0.21353
-0.98980
-0.37026
-0.04805
-1.03161
-0.49015
-0.87541
-0.30083
-0.54696
-0.45658
-0.56765
0.12043
-1.21233
-0.91587
0.11462
-0.58262
-0.50250
-1.00091
-0.52031
-0.36933
0.29347
-1.22269
-0.81237
-0.75617
1.48550
-1.20769
-0.05348
-1.20821
-1.05239
-1.03843
-0.91970
-0.43001
-0.13693
-0.16907
-0.69340
-0.72540
-0.34612
1.36517
-0.71844
-0.74275
-0.39183
-0.44111
-0.16028
-0.15186
-0.36541
0.82619
-1.12912
-0.73868
-0.15031
-0.55222
-1.06799
0.77828
-0.87606
-0.67214
-0.09869
-0.09932
-0.22241
-1.14545
-0.41674
-0.91856
-0.54172
-0.55306
0.31946
-0.85092
-0.85643
-0.63068
-0.99265
-0.67465
-0.54033
-0.80967
-0.23269
-0.67292
-0.91940
0.37188
-0.35627
-1.12105
-0.78755
-1.21412
-0.53277
-0.92623
-0.46484
-0.92263
-0.03012
-0.84186
-0.60033
0.01510
-0.99586
-0.51087
-0.98996
-0.24320
-0.38153
-1.14576
-0.46805
0.10105
-0.66040
-0.86177
-0.79323
-0.77755
-0.64149
-0.18382
-0.10593
-1.08001
-0.68752
-0.01360
0.26025
-0.66648
-1.11235
-0.77599
-0.50289
-0.91054
-0.24055
-0.16284
-0.45674
-1.06480
-1.18250
-0.79542
-0.71151
-0.51042
-0.96488
-1.20700
-0.32811
-1.14905
-0.14916
-0.99433
-0.69096
0.91815
-0.93114
-0.99516
-0.38886
-0.74634
-0.20791
-0.49570
-0.86229
-1.16585
0.24622
-1.07553
0.27327
-0.91725
-0.16123
0.87941
-1.16602
-0.09839
-0.37970
-0.78058
-0.18825
0.09760
-0.69046
-1.09923
0.43827
-1.18891
-0.35823
0.30263
-0.83894
-0.61948
-0.46636
-0.81941
0.44606
-0.47021
-1.14288
-0.57967
-0.84615
-1.09603
-0.85437
-0.34216
-1.14742
-0.69096
-0.89291
-0.34081
-1.04212
-0.37172
-0.44078
-0.71606
-0.35798
0.59384
-1.22170
-0.60623
-0.63821
-0.41171
-0.91686
-0.43821
-0.13553
-0.00839
-0.97041
-0.94424
-0.37635
-0.64890
-0.61425
-0.60840
-0.61603
-0.06150
-0.81943
-0.43783
-0.78370
-0.01590
0.13210
-0.63927
-1.09273
-0.69424
-0.33997
-0.89499
-0.79896
-0.59123
-0.41531
-0.50617
-0.73580
-0.58920
-0.50122
-0.62775
0.02931
-0.77386
-0.42691
-1.09666
-0.79221
-0.65877
0.61283
-0.42150
0.50976
-0.94054
0.91499
-1.22162
-0.09969
-0.83451
-0.50227
-1.02340
0.38468
-1.18189
-0.49928
-0.65384
0.07349
-0.97254
-0.08838
-0.73000
-0.99750
0.62654
-0.96192
-0.55079
-1.22017
-0.43626
-0.45091
-0.17928
-0.81215
-0.65032
-0.67889
-0.74046
-0.69619
0.67505
-0.31712
-0.40940
-0.78106
-1.05588
-0.74177
0.29206
-1.14588
-0.96541
0.24071
-0.63165
-0.42430
-0.71046
-0.95237
-0.83647
0.00892
-0.96520
-0.88421
-0.08424
-0.30406
-1.10662
-1.10624
-0.18204
-0.73101
0.26885
-0.74964
-0.91149
-0.72402
-0.43364
-0.47471
-0.89179
-0.84131
-0.37689
-0.26517
-0.94195
-0.42325
-0.82805
0.18779
-1.09841
-0.95789
-0.44172
-0.83749
0.13151
-0.92529
-0.81762
-1.07235
-0.81323
-0.75858
-0.84568
0.07980
-0.02278
-0.93007
-0.73878
0.59720
0.21134
-0.65142
-0.45171
-0.44212
-1.19059
-0.08172
-1.07922
-0.04898
-1.22229
-1.20671
-0.15873
-0.34520
-0.37564
-1.04713
-0.67687
-0.12677
-0.73902
0.04897
-0.58829
-0.95680
-1.19816
-0.19202
-0.02939
-1.19425
-1.00869
-0.53390
-0.43055
-0.54713
-0.64952
-0.10910
-0.90100
0.29264
-1.22347
-0.92278
-0.63692
-0.25108
-0.86888
-0.57343
-0.29741
-1.19589
-0.37587
-0.24474
0.13318
-0.15349
-0.52492
-0.08007
-1.09413
-0.32411
-0.32220
-0.66610
-0.31739
-0.72191
-0.53932
-0.77513
-0.73852
-0.25889
-1.16667
-0.05928
-0.71938
-0.75582
-0.94216
-0.87547
-0.31951
-0.56370
-1.02598
-0.90056
-1.15505
-0.66153
0.00422
-0.42574
-0.60084
-1.07845
0.14014
-0.35474
-0.79396
-0.23088
-0.41226
-0.10134
0.13829
-1.22061
-0.92785
-0.35365
-0.67006
-0.43807
-0.47277
-0.41690
-0.43427
-0.81095
-0.09400
-0.41412
0.03172
-1.20209
-0.25375
-0.42960
0.67922
-1.22305
-0.00563
-0.56867
-0.46763
-1.05067
-1.06331
-0.95417
-0.41166
-0.47866
0.43687
-0.89211
-0.76519
0.51473
-0.48537
0.06168
-0.83528
-0.62816
-0.84484
0.28270
-0.65546
-0.98163
-0.93991
1.38747
-0.96361
-0.93586
-0.64499
-0.37039
-1.19757
-0.81652
-0.42032
-1.00167
-1.07654
-0.28438
-0.14368
-1.14839
-0.57568
-1.06760
-0.75334
-0.58562
0.13946
0.38650
-0.04484
-0.88983
0.15143
-0.86104
-0.55179
-0.99082
-0.38374
-0.56597
0.14485
-0.98015
-0.96010
-0.94283
-0.43405
-0.52975
-0.11598
-0.77108
0.31346
-0.57717
-0.40696
-0.41331
-0.70435
-0.02213
-1.06951
0.06741
-0.92411
-0.24069
-0.46411
-0.08289
-0.90006
-0.50153
0.04025
0.28934
-0.56270
-0.70274
-0.05275
-0.68684
-1.10371
0.28435
-1.19448
-0.34534
-1.07620
0.08531
-1.00602
-0.47841
-1.04246
-1.10384
1.31301
-0.72824
-0.82310
-0.31898
-1.07633
-0.17879
-0.23549
-0.47075
-0.28615
-0.43726
-0.50816
-0.55407
-0.98865
-0.42760
0.49777
-1.17802
-1.00474
-0.49509
-0.75472
-0.64972
-0.37524
0.68338
-1.21766
-0.37890
0.14643
-1.00384
-0.65187
-0.45865
-0.36672
-0.30460
-0.05366
-1.02236
0.06048
-0.63313
0.02894
0.26147
-0.98255
-0.65861
-0.05083
-0.46249
0.49129
-0.06310
-0.78161
-0.26672
-0.98058
-1.02061
-0.89968
-0.58269
-0.90503
0.13461
-0.77110
-1.06266
-0.39754
-0.26627
0.14204
-0.13739
-0.39145
-0.59341
-0.59586
-0.25396
0.27548
-1.20179
-0.06428
-0.15753
-0.95782
-1.05544
-0.20334
-1.17338
-0.25749
-0.89159
0.23034
-0.95860
-0.85844
0.00815
-0.74977
-0.93522
-0.23301
-0.86813
0.22606
-0.99774
-0.36812
-0.87989
-0.67327
-0.36084
-0.87849
0.13499
-1.15106
-0.74005
-0.74333
-0.82859
-0.39587
-0.33841
-0.93109
-1.01372
-1.11005
0.08317
-0.39410
-0.56063
-0.76752
-0.73324
-0.39551
-0.52011
-0.73243
-0.71573
-0.93736
0.17523
-0.80867
-0.14725
-0.62040
-0.92703
-0.43279
-0.48899
-0.49425
-0.02795
-0.57022
-0.41214
-0.83443
-0.90903
-0.28009
-0.48108
-0.61163
-0.13190
-1.13002
-0.34370
0.36425
0.31608
-0.95871
-0.78360
-0.75345
-0.56972
0.20883
-0.36350
-0.19322
-1.03147
0.11993
-0.41526
0.21839
