-0.31695
0.54349
-0.64460
-1.08452
-0.54429
-0.34132
-0.49901
-0.59344
-0.30965
-0.80730
-1.07946
-0.93571
0.03363
-0.32242
-0.26931
-0.80192
-0.96363
-0.33919
-0.75572
-0.60304
0.84222
-0.64128
-1.11277
-0.50979
-0.57670
-0.13650
-0.84034
-0.54080
-1.00535
-0.63098
-1.17713
-1.20631
2.15158
-0.83838
-0.46144
-1.08724
0.09634
-0.77222
-0.71280
-1.15206
-0.39311
-0.75441
-0.61084
-0.13535
-0.90818
-0.66169
-0.00055
-0.95498
-0.24993
0.46629
-1.07642
-0.93323
-0.43639
-0.16210
-0.97218
0.05506
-0.45932
-1.11575
-0.70377
0.02223
-0.37209
-0.85236
0.14395
-0.39883
-0.73553
-0.78372
-0.51253
-0.24748
-0.77503
0.46192
-0.16999
-0.57021
-1.12202
-0.22647
0.53534
-1.01581
-0.56661
-0.78530
-0.46156
0.44965
-0.80026
-0.88564
-0.07453
-0.60568
-0.76763
-0.42845
-0.72560
-0.69202
-0.65745
-0.56017
-0.54863
-0.01426
-1.09196
-0.41049
0.14943
-0.57170
-0.60452
-0.29674
-0.31656
-0.51129
-0.52372
-1.17023
-0.24487
-0.69875
-0.24668
1.08920
-1.17281
-0.31088
-0.63058
-0.68499
-0.53492
-0.85003
-0.40965
-0.77433
0.13996
-1.21712
0.64721
-1.17144
0.22635
-0.11302
-1.02774
-0.54804
-0.94536
-1.05173
0.68215
-1.02882
-0.38992
-0.76699
-0.04855
-0.42905
-0.42166
-1.06366
-0.60747
0.13650
-0.45814
-0.37890
-0.69891
-0.53003
-0.47961
-0.72748
-0.26307
-0.91890
-0.36749
-0.75722
-0.62309
-0.68352
-1.02948
-0.57204
-0.67868
-0.15468
-1.20045
0.03674
-0.46553
-0.80103
-0.71470
0.09551
-0.61692
-0.69556
-0.56087
-0.51736
0.12064
-1.01539
0.36690
-1.18264
-1.10572
0.33879
0.48376
0.14381
-1.06177
-0.47735
-0.15960
-0.94983
-0.99633
-1.13162
-0.24447
0.63242
-0.19726
-1.19200
-0.09083
-0.75335
-0.83591
-0.35521
-0.69292
-1.21252
1.56325
-0.84208
-0.02061
-0.29304
-0.57604
-0.76269
-0.59679
-1.08974
-0.20943
-0.63391
0.30193
-0.91538
-0.28794
-1.17011
-0.41676
-0.78035
0.23035
0.45606
-0.71871
-1.17006
-0.23336
-0.91210
-0.41629
-0.51947
-1.09254
0.04527
-1.18663
0.84674
-0.34227
-1.02868
-0.30552
-0.50209
-0.95605
-0.31874
-0.80732
0.14056
-0.87696
-0.54267
-0.74319
-0.00971
-0.70508
-0.79370
-0.67534
0.07539
6.44316
-1.10133
-0.22887
0.43915
-0.69909
0.41911
0.27735
-1.07248
-0.11141
-0.85708
-0.90240
-0.74137
-0.06415
-0.31836
0.15753
-0.87693
-0.70884
-0.96187
-1.18301
0.41304
-1.11826
-0.19040
-0.67123
-0.40897
-0.84404
-0.78216
-0.55658
-1.02155
0.33504
-0.52115
-0.77607
-0.71439
0.15135
-1.03388
-1.04483
-0.83023
-0.60434
-0.09273
-0.29012
-0.59922
-1.16163
-0.52490
-0.58490
-0.41896
-0.53818
-0.43258
-0.00861
-0.24443
-1.05628
-0.93096
-0.30927
-0.10163
0.20571
-0.47350
-0.58873
-0.56665
-0.16656
-0.76737
-1.18763
-0.47831
-0.18326
-0.29840
0.39255
-0.28057
-0.63777
0.46921
-0.56903
-0.90859
-0.53808
-1.19291
0.12611
-1.12144
-0.74944
-0.42434
-0.54232
-0.12419
-0.33825
-0.34104
-0.29593
-1.08716
-0.05539
-0.09101
-0.96599
-0.61684
-0.58937
0.01152
-0.55921
-1.12678
-0.28847
-0.44236
0.00225
-0.71757
0.24043
-0.89815
0.12605
-0.72724
-0.97270
-0.47297
-0.02820
-1.18147
-0.46488
-0.21638
-1.00750
-1.02070
-0.07344
-0.21223
-1.20933
-0.78317
-0.78886
-0.45473
-1.02100
0.07658
-0.88196
0.12292
-1.03597
-0.14958
-0.61238
-0.73447
-0.56644
-0.73752
-0.68416
-0.61643
-0.17283
-0.68239
0.11555
-0.56340
-0.89105
-0.13698
-0.95936
-0.47048
-1.07123
-0.46003
-0.20542
-0.63721
-0.75707
-0.69272
-1.02071
0.89812
-0.25657
-0.70491
0.08920
-0.46440
-0.54924
-1.19714
1.34174
-1.20294
-0.34447
-0.37220
-0.01250
-0.89998
-0.85959
0.31148
-0.67490
-0.87821
-0.48444
-0.39132
1.82322
-1.09522
-0.99917
-0.62890
1.72959
-0.86105
-0.66678
-0.47419
-0.00017
-0.19256
-1.06949
-0.43298
-0.86759
-0.11728
-0.85068
-0.04695
-0.22459
-0.83743
0.21787
-0.64326
0.22359
-0.63028
-0.76075
-0.41576
0.10929
-0.77567
-1.05877
1.24011
-1.06363
-0.86000
-0.01654
-0.25580
-0.60600
-0.78609
-0.03272
-1.12718
-0.30432
-1.18159
-0.91543
-0.20845
-0.92282
-0.02527
-0.52462
-0.85356
-1.01462
-0.30326
-0.33467
0.08225
-0.90697
-0.36481
0.03837
-0.69099
-0.48787
0.26065
-1.04738
-0.31078
0.03934
-0.75957
-0.05956
-0.45808
-0.22515
-0.65025
-0.73566
-0.71739
0.31145
-0.76811
-0.65812
-0.53800
-0.68077
-0.17156
-0.72673
-0.56798
-0.42103
-0.73534
0.13739
0.48522
-0.41797
-0.78716
-0.58986
0.39160
-0.14564
0.17548
-1.03625
-0.63797
-0.12831
-0.66885
0.05738
-0.44490
-0.88578
-0.05680
-1.17280
-0.77091
0.79370
-1.14658
-0.17895
-1.03484
-0.39615
-1.19948
-0.41935
-0.74489
-0.88479
-0.23937
-1.11433
-0.26181
-1.21847
-0.79460
-0.16938
-0.08032
-1.04083
-1.10252
-0.38517
-0.69980
0.76950
-1.17942
-0.94181
-0.25228
0.01456
-0.21107
-0.48543
-0.46687
-1.18128
-0.95495
0.47041
-0.46904
0.78797
-0.74940
-0.96647
2.16599
-0.43837
-0.22297
-1.07869
-0.70522
-0.67238
-0.68531
0.11952
-1.09732
-1.14394
-0.60205
-0.52363
-0.00627
-0.08764
-0.72871
0.08059
-0.45664
-0.36093
-0.28288
-0.71641
-1.02261
0.88593
-0.82653
-0.64566
-0.82732
-0.72134
-1.08239
-0.26274
-1.01682
-0.89053
-0.41621
-1.21696
0.72705
2.79309
-1.12090
0.61479
-0.76635
-1.06336
0.53541
0.09560
-1.14356
0.24609
-0.62698
-0.66850
-0.93439
-0.88847
0.58252
-0.21460
-1.10989
-0.62932
0.27906
-0.83925
-0.43683
-0.91865
-1.22254
-0.24659
-0.68790
-0.60829
-0.76367
-0.68891
0.47398
-0.98520
-1.15810
-0.88254
0.11294
-0.72630
-0.42373
-0.62588
-0.55374
-1.03471
0.65209
-0.31785
-0.47319
-0.89196
-0.71694
-0.08827
-1.06906
-0.85088
-1.13210
-0.21508
-0.73169
-0.54484
-0.86154
0.51760
-0.91937
-0.87973
-0.95692
-0.22448
0.55517
-0.94451
-0.53909
-0.73401
-0.27093
-0.03974
-0.20114
-1.02261
-0.00461
-0.95903
-0.55368
-0.63844
-0.54115
-1.00457
-0.95522
0.51564
-0.54759
-0.93584
-0.86607
-0.20351
0.06346
-0.14289
-0.53952
-0.33210
-0.32548
0.05385
-0.45281
-0.56732
0.00594
-0.26812
-0.88887
0.15709
0.61613
-0.57847
-0.74797
0.22655
-0.96330
-0.94673
-0.24267
-0.01294
-0.85250
-0.91913
0.24735
-1.20649
0.65855
-0.25004
-0.73709
-0.18054
-1.10040
0.50242
-0.83282
-0.63532
-0.23555
-0.70121
-0.45308
-0.98265
-0.63059
0.21329
-1.07267
0.81115
-1.04313
-0.60292
0.50715
-0.03086
-0.81896
0.13831
-0.77154
-0.92390
-0.58658
-0.67177
-0.92883
-0.94777
-0.78311
-0.69616
-0.00658
-0.52876
-0.24988
-0.14187
-0.65416
-0.32667
-0.24489
-1.01184
-0.52373
0.40472
-0.84087
0.34490
-0.97094
-1.04158
0.16812
-0.30582
-1.10701
-0.53905
0.41112
-0.63635
-0.45253
-0.30669
-0.55951
-0.71443
0.11441
0.58084
-0.84730
-0.84731
-0.73615
-0.42864
-0.72710
-0.56857
-0.31164
-1.09416
-0.38324
0.96945
-0.28628
-0.65802
-1.06327
-0.36891
-0.14399
-1.02325
0.15762
0.03983
-0.58284
-0.48128
-0.87333
-1.21430
-0.08529
-0.19141
-1.00440
0.03808
-0.74311
-0.86888
-0.00911
-0.40188
-0.54708
0.16797
-0.99487
0.61725
-0.57069
-0.88789
0.00906
0.27185
-1.16709
0.02423
-0.56925
-0.81514
-0.44755
1.04284
-0.76462
-0.84892
-0.83987
-0.65477
-0.83873
-0.89594
-0.99534
-0.68679
-0.48642
-0.33737
-0.16298
-0.32015
-0.50788
0.61314
-1.00497
-0.84461
-0.88040
-0.55489
-0.01672
-0.92945
-0.40789
-0.74450
-0.78828
-0.71490
-0.42805
-0.27655
-0.88973
0.17991
0.78506
-1.08233
-0.78293
-0.74422
-0.35081
-0.36980
-0.86132
0.06913
-0.79994
-1.10363
-0.60107
-0.79293
-0.42070
-1.13379
-0.47863
-1.10179
0.90441
-0.88671
-0.52598
-1.18634
0.53389
-0.21986
-0.37968
-1.22350
-0.83713
-1.21597
-1.21992
-0.71409
0.47953
-0.48535
-0.63664
-0.59974
-0.98979
-0.92653
-0.94498
-0.63068
-0.55690
-0.24422
-0.41674
-0.90010
0.40985
-1.14306
-0.27347
-0.27967
-0.94228
0.14035
