-1.21443
-1.21861
-0.98465
-1.01394
-0.64229
-0.86442
-1.21093
-0.88011
-1.10371
-1.04572
-0.55889
-1.22354
-1.13008
-0.37661
-1.22319
-1.01612
-1.19777
-1.22351
-1.22146
-0.51693
-1.14707
-1.11931
-0.72903
-1.22160
-1.03662
-1.01127
-0.62554
-1.22353
-0.89020
-0.26651
-1.22007
-1.18791
-0.37816
-1.18739
-1.21240
-1.17562
-1.17363
-1.22046
-0.91406
-1.15514
-1.22176
-1.10912
-1.19562
-1.18501
-1.21800
-1.22286
-1.21586
-1.22108
-1.16285
-1.22352
-1.02350
-1.09830
-1.10635
-1.21931
-1.14188
-1.11026
-1.16234
-1.20637
-0.45523
-0.84806
-0.81688
-1.22353
-1.22245
-1.21804
-1.20251
-1.21749
-0.95236
-1.21453
-1.09645
-1.18784
-1.22181
-0.59022
-1.18138
-1.14968
-1.16703
-1.21338
-0.56194
-0.82674
-1.15265
-1.09771
-1.18542
-1.17796
-1.13611
-1.04383
-0.40440
-1.21768
-1.21755
-0.67350
-0.34411
-0.69222
-0.35128
-1.03217
-0.72706
-1.19515
-0.73952
-1.20387
-1.18022
-1.21972
-1.22349
-1.22278
-1.05854
-1.16732
-1.17228
-0.94380
-0.80724
-1.00237
-1.22294
-1.02287
-0.70772
-0.89782
-1.07565
-1.04202
-0.38843
-1.19487
-1.22009
-0.54472
-0.91588
-1.16500
-1.22165
-0.95994
-0.87436
-0.88886
-1.11676
-1.04727
-1.00589
-1.21745
-1.22155
-1.18788
-0.96093
-0.49180
-0.87525
-1.20944
-0.72042
-1.13036
-1.10018
-1.20703
-1.14280
-1.22342
-0.98773
-1.21106
-1.20104
-1.05908
-1.11985
-1.15993
-1.21825
-0.93189
0.02168
-1.08423
-1.13284
-1.10584
-1.11745
-1.14931
-0.88908
-1.01488
-1.13553
-1.22286
-1.06518
-1.14584
-1.14197
-0.61306
-1.21086
-1.18384
-1.16993
-1.14392
-1.22258
-1.16281
-0.96911
-0.89223
-1.13194
-1.05656
-1.04688
-1.03745
-1.07050
-1.19411
-0.46525
-0.96545
-0.44133
-1.22079
1.53882
-1.20528
-0.97238
-1.01243
-1.09027
