1.76011
1.33919
2.02433
2.13537
3.09004
2.93573
3.71799
2.57947
1.43825
2.57728
1.99059
2.32260
-0.07970
-0.98159
0.07586
3.02711
0.67014
3.38410
3.45929
0.02349
3.53380
1.11868
0.31142
1.87553
3.28080
0.81399
0.25869
1.94120
2.55020
1.14736
0.57327
3.26063
0.39925
1.18591
2.59021
2.57304
2.66223
4.24422
1.10126
2.66755
3.27522
2.63619
1.94597
3.88967
2.02626
3.37445
1.73888
2.32830
1.39016
-0.96873
0.55738
2.91025
1.69209
1.82764
3.53471
1.63304
3.24144
0.78655
2.38339
0.78406
0.72069
1.71423
2.63475
2.25257
1.08439
1.80844
3.74115
2.89573
0.07930
1.97980
2.81819
0.67863
0.09222
1.46652
4.09826
5.01720
1.44138
2.75559
0.67737
4.30358
3.13249
1.27192
1.51577
1.54683
1.11657
0.28943
0.17003
0.68651
0.32220
0.58631
0.33070
1.57620
0.04825
1.65679
3.30108
2.66545
1.17896
1.55562
2.36838
0.57152
0.85333
1.38539
0.88158
-0.22809
-0.43757
0.95237
1.96971
3.12462
1.39005
2.76670
-0.25051
-0.12113
-0.17722
1.15587
2.50372
2.90540
1.62909
1.28677
5.14641
3.95841
2.90263
1.44444
-0.30210
1.12763
4.37118
3.64934
1.95791
3.09607
2.90255
1.55077
1.84802
2.18049
1.57361
4.07243
3.50733
0.89138
2.63747
3.60850
3.04234
2.24543
1.95717
2.44602
1.82046
0.79956
2.73698
1.88155
-0.22156
1.21186
1.47960
2.52114
2.16340
0.82301
0.21972
1.84157
3.06389
1.84600
2.32157
0.54902
2.28647
3.23252
1.41149
0.90968
3.63973
0.44366
3.37921
3.35843
1.92206
1.77521
1.43786
0.65100
3.71175
0.47813
2.55967
0.89130
0.63431
0.03118
0.91564
-0.71112
2.41213
0.50453
0.70972
0.53498
1.60669
