-0.31138
-0.54122
-0.78115
-0.74782
0.15392
-0.73721
-0.99994
-0.69915
-0.98536
-0.36458
-1.03061
0.01185
-0.88227
-1.06365
-0.33709
-0.56982
0.06069
-0.95325
-0.53696
-0.49749
-0.86456
0.29196
-0.42520
-0.93887
-0.76729
-0.39924
-0.59767
-0.64075
-0.82092
-0.99153
-1.18998
-1.10627
-1.21929
-0.75364
0.46438
-0.87134
-0.35423
-0.92257
-1.17143
-0.72420
-0.55791
0.11930
-1.12407
-0.79611
-1.12945
-1.18069
-0.47173
-1.03107
-0.54974
-1.15323
-0.79068
-0.58228
-0.70366
0.30590
-0.91699
-1.20212
-0.99083
-1.10213
-0.68473
-0.19936
-0.30708
-0.73554
-0.94387
0.01627
-0.84966
-1.14269
-0.34518
-0.87658
0.98762
-0.79192
-0.43000
0.37289
-1.11414
-1.13685
-0.28660
1.55919
0.01063
-1.19094
-1.17152
-0.96439
-0.61726
-1.21429
-1.08498
-1.21895
-0.46202
-1.14565
-0.74891
-0.82270
-0.24006
-1.08033
-0.97597
-0.24371
-0.81419
-0.97737
-0.67525
-0.59243
0.05723
-0.10476
-0.63642
-0.74826
-0.39299
0.21805
-0.13045
-0.47054
-0.59820
-1.21940
-1.21515
-1.14119
-0.55608
-0.23794
-0.80537
0.23512
-0.44223
0.11502
-0.50880
-0.56478
-0.50347
-1.03492
-1.11405
-0.65503
-0.66641
-0.40599
0.23720
-0.94686
-0.80454
-0.64031
-0.43813
-0.05401
-1.21138
-0.35265
-0.97987
-1.21526
-1.20676
-0.78841
-0.02774
-0.98526
-0.12462
0.27730
-0.88955
-0.01132
-0.96246
-1.14975
-1.16378
-0.53822
-0.94366
0.37604
-0.84318
-0.85286
-0.23696
-1.09338
-1.19937
-0.84936
-0.15200
-0.62372
-0.74612
-0.29371
-0.45001
-0.25288
-0.76439
-1.00066
-0.48646
0.01528
-0.42383
-0.92747
-0.84821
-0.99668
-1.13919
1.22298
-1.13750
-0.42385
-0.66480
-0.70491
-1.21650
-0.34784
-1.11690
-0.32765
-0.80865
-1.21733
-0.33785
-0.50459
-0.76743
-1.20455
-0.55376
-1.05153
-0.43382
-1.20072
-0.56497
-0.13677
-0.68406
-0.52907
0.57405
-0.77982
-0.44097
-0.95975
-1.01289
0.19733
-0.48994
-0.75952
-0.72604
-0.92117
-0.59695
-0.15112
-0.87959
-1.16723
-0.74525
-0.69418
-0.25448
-1.21883
-0.90322
-0.60285
0.39941
-1.17885
-0.08381
-0.95748
-0.75884
-0.91403
-0.15812
-0.57530
-0.76075
-0.67613
-0.96422
-0.96558
-0.87982
-0.94995
-0.94166
-0.53054
-0.32091
-0.37474
-0.53558
-1.13484
-0.21995
-1.17233
0.47607
-0.94416
-0.18279
-0.27283
-0.33658
-0.66483
-0.71780
-1.10484
0.35122
-1.21450
-0.90320
-0.65168
-0.72953
-0.32457
-0.54325
-0.84837
-0.98121
0.10917
-0.45013
-0.77047
-0.35482
-0.24996
-0.58689
-0.43100
-0.62642
-0.71269
-1.11591
-0.58912
-1.21445
-1.04612
0.15983
-0.46561
-1.03808
-0.13870
-1.21455
-1.20503
-0.92280
-1.14816
-0.06206
-0.02616
-1.07495
-0.20528
-0.41949
-0.46992
-1.05114
-0.37182
-0.67399
-1.04710
-1.18138
-1.18514
-0.15589
0.21401
-0.78170
-0.28918
-1.10076
-1.21927
-0.78556
-0.87921
-1.11025
-0.97610
-1.21612
1.25039
-1.12207
-0.38672
-0.01236
-1.01489
-0.26868
-0.61280
-0.30498
-0.97359
-0.88611
-0.50943
-1.20338
-0.35740
-1.14168
-0.44305
-0.68992
-0.85142
-0.85329
-0.72472
-0.58396
-0.72878
-1.12512
-0.87386
-0.91601
-1.16684
-0.64451
-0.28226
-1.04618
0.07786
-1.04777
-0.61347
0.28382
-0.28999
-0.34111
-0.81050
-0.29511
-0.27333
-0.92972
-0.71153
-1.01945
-0.62309
-1.18583
-0.46414
-1.18678
-0.40351
-0.97585
-0.53117
-0.82248
-0.82594
-0.61677
-0.86005
0.62211
-0.96750
-0.77562
-1.00578
-1.04251
-0.84669
-1.20574
-0.66053
-0.85817
-1.20913
-0.65192
-0.81259
-0.73954
-0.03267
-1.21928
0.86453
-0.04348
-0.56092
-0.79419
-0.46251
-0.70925
-0.37647
-1.14957
-1.20830
0.04811
-1.12918
-0.97935
-0.36237
0.98474
-1.02787
-0.87211
-0.54486
-0.44801
-0.76424
0.10084
-1.14438
-0.11676
-0.15265
-1.19789
-1.07411
-1.11226
-0.09989
0.50533
-1.20955
0.08901
-1.01017
-0.25244
3.50857
-0.63102
-0.51740
-1.20485
-0.77541
0.32499
-0.83980
-1.09405
-0.91135
0.81978
-1.12599
-0.64411
-0.50425
-1.14703
-0.55635
-0.55784
-0.59412
-0.93514
-1.07802
-0.80319
-0.16500
-1.07804
-0.42943
-0.68146
-0.62716
-0.88392
-0.21235
-1.17643
-1.21107
-1.01569
-0.74497
-0.69018
-0.54165
-0.51850
-0.44214
-0.69561
1.40715
-0.65783
-0.38479
-0.42019
-0.78461
0.25246
-0.86277
-0.24140
-1.14764
-0.61338
-0.24002
-0.93208
0.20218
-1.03166
-0.55722
-0.48855
-0.88553
-1.10662
0.87350
-0.95807
-0.54721
-1.16149
-0.84161
-0.70548
-0.91085
-1.10402
-0.53220
-0.53818
-0.97069
-0.65874
0.04955
-1.05843
-0.69436
-1.19747
-0.91916
-0.92394
-0.93033
-0.45782
-0.92432
-0.13782
0.75828
-1.05925
-0.25296
-0.86372
-0.51249
-1.20420
-0.46141
-1.02350
-0.85518
-0.35028
-0.30049
-0.49239
-1.13827
-0.71271
-1.16628
-0.64749
-1.01873
-0.43343
-1.06526
-1.21675
0.21868
-1.16390
0.26728
-0.54949
-1.17909
0.21891
-0.57423
-0.98229
0.70548
-0.47889
-1.10082
-0.60299
-0.56820
-0.62203
-0.40240
-0.99571
-1.04542
-0.73327
-0.12165
-1.16590
-1.04172
-0.57142
-1.17117
-1.19761
-1.00586
-0.72910
-0.66931
-1.03601
-0.49977
-1.06763
-0.19198
-0.55800
-0.49287
-0.84215
-1.18319
-0.85282
-0.73856
-0.60075
-0.45601
-0.07378
-0.53867
-0.56345
-1.07748
-1.17274
-0.77329
-1.08843
-0.11048
-0.21606
-0.87834
-0.19359
-0.07026
-1.02097
0.39884
-0.97133
-0.58122
-1.00350
-0.00939
-0.21739
-1.14373
-0.86933
-0.72102
-1.18743
-0.81057
0.08718
-0.16100
-1.15407
-0.05073
-1.03323
-0.75141
-1.09500
-1.05643
-0.80419
-1.20844
-1.21897
-0.58777
-0.39665
-0.57791
-0.94877
-0.84229
-0.99093
-0.69510
-0.35694
-0.31651
-0.96033
-1.18462
-1.07715
-0.83703
0.51786
-1.00177
0.47712
-0.85763
-0.77935
-0.90332
-1.21934
-0.59838
-0.39069
0.02354
-0.49927
-0.52779
-0.58971
-1.04350
-0.95608
-1.05658
-0.48043
-0.91254
-0.92269
-0.95908
0.22956
-0.63439
0.35248
-1.11694
-0.34091
-0.83415
-0.59950
-1.06738
-1.01860
-1.21779
-0.39562
-0.52479
-0.28035
-0.60552
-0.73041
-0.44857
-1.21719
0.94514
-1.11279
-0.04635
-0.54602
-0.64952
-0.81803
-0.37290
-1.21923
-0.91062
-1.11803
-0.86685
-0.65150
0.00754
-0.89103
-0.49567
-0.62741
-0.02341
-0.91030
-1.04569
-0.35336
-0.44578
0.03714
-0.78509
-1.06234
-0.55111
-0.68476
-1.02812
-1.19459
-0.07814
0.41694
-0.75132
-0.68725
-0.46585
-0.91733
-0.50826
-0.65349
-0.72212
-0.42324
-1.16434
-0.27525
-1.18627
-0.86567
0.56205
-1.12359
-0.59317
-0.08639
-0.89361
-0.73008
-0.39681
-0.50882
-0.93218
-0.62751
-0.39354
-0.45133
-0.90050
-0.35601
-1.09035
-0.80295
-0.75769
-0.79238
-0.59432
-0.55843
-0.26722
-0.90527
-0.76820
-0.93281
-0.31079
-0.70424
-0.75869
-0.89873
-0.71316
-1.08165
0.18596
-0.18036
-0.62768
-1.17276
-0.36577
-0.03150
-0.84731
-0.98109
-0.38126
-0.64937
-0.47459
-0.97870
0.09429
-0.57432
-1.15620
-0.35504
0.98357
-0.38895
-0.75664
1.03418
-1.04435
-1.09526
-0.74841
-0.85052
-0.71595
0.10225
0.10153
-0.81547
-0.14428
-0.36833
-0.71395
-0.81568
-0.83352
-0.83474
-0.89283
-1.13439
-0.86671
-0.26880
-1.13834
-0.38151
-1.19688
-0.89718
-0.08804
-1.16630
-0.98686
-0.33353
-0.65643
-1.18638
-0.21822
-1.04630
-0.55856
-0.53208
-0.42544
-0.72853
-1.05615
-0.74244
-0.01688
-1.12423
0.32442
-0.66654
-0.65603
-0.77782
-0.72914
0.24026
-0.08940
-0.48362
-0.82551
-0.66575
0.36899
-0.59038
-0.33241
-0.94792
-0.61356
-0.95576
-0.75669
-0.56681
-1.08413
1.65902
-0.69188
-0.72842
-1.06689
-0.70641
-0.96218
-0.94781
-0.96820
-0.82395
-0.97404
-1.14854
-0.64248
-0.99292
-0.16520
-0.85446
-0.26509
-1.18527
0.28820
-1.18982
-1.02262
-0.59472
-0.85252
0.25613
-0.15168
-0.88486
0.17877
-1.00341
-1.21928
-1.09415
-1.18576
-1.21653
-1.21372
-0.25565
-0.59494
-0.90828
-0.28934
-0.64691
-0.46461
-1.11999
-1.21704
0.03440
-0.92517
-0.86079
-0.91240
-0.40394
-1.11898
-0.29007
-0.42627
-0.92213
-0.20013
-1.03635
-0.65332
-0.99990
-0.99413
-0.60176
-1.10198
0.58735
-0.22027
-0.59063
-0.97521
-1.21502
-1.16486
0.21384
-0.67896
-0.43595
-1.12817
-0.95776
-1.21941
-0.40670
-0.62348
-0.28908
-0.91126
-1.08360
-0.97653
-1.05174
-0.27728
-0.97633
-0.80777
-0.77255
-0.71624
-0.87156
-1.10888
-0.48033
-0.35831
-0.83243
0.32974
-0.92118
-0.91973
-0.43214
-0.51637
-1.14151
-0.99554
-0.17917
-0.53315
-0.23150
-0.14792
-0.66253
-0.82548
-0.49825
-1.15338
-1.07965
0.38868
-0.76353
-0.86628
-0.81155
-0.96915
-0.97938
-1.16330
-1.07070
-0.49141
-1.00192
-0.23838
-0.39216
-0.43206
-1.02155
-0.36861
-0.27078
-0.21509
-0.50212
-1.08659
0.27533
-1.10447
-0.36372
-0.00436
-0.41696
-0.86157
0.21733
-0.60284
-1.02971
-0.26782
-1.03432
-1.14463
0.19474
-0.81037
0.46109
-1.13858
-1.05487
-1.07618
-1.08735
-0.33803
-0.46935
0.08371
-0.14255
-0.49322
-0.62024
-1.14619
-0.29731
-0.82200
-0.77802
-0.70664
-0.81848
-0.01768
-1.00910
-0.99789
-1.18366
-0.82036
-0.24908
-0.72203
-0.98351
-0.87416
-0.87082
0.39918
-1.21790
0.18722
-0.92273
-0.89880
-0.74012
-0.10493
0.14398
-0.91282
-0.76763
-0.79351
-0.71741
-0.80935
0.09653
-0.26549
-0.96814
-0.43868
-1.01142
-0.20393
0.11618
-1.02110
-0.71454
-0.59078
-0.08693
-0.67298
-0.06909
-1.21082
-0.79719
-0.18244
-0.74807
-0.86303
-1.21380
0.01223
-0.95159
-0.86643
-0.74654
-0.75251
-1.14013
-0.96569
-0.38550
-0.69740
-0.46267
-0.33750
-1.21202
-1.20838
0.18436
-0.68914
-0.81638
-0.24235
-0.62611
-0.80890
-0.97090
0.40862
-1.21936
-0.84944
0.04218
-1.06481
-1.16896
-0.20181
-0.98258
-0.53258
-0.99506
-0.44704
0.02086
-0.90070
-1.07969
-0.88417
-1.12773
-0.34837
-0.59807
-0.94837
0.20188
-0.83866
-0.52589
-0.68637
-0.33317
-1.11673
1.91438
-1.13073
