-0.99994
-1.03061
-1.06365
-0.76729
-1.18998
-1.21929
-1.17143
-1.18069
-0.54974
-0.58228
-0.99083
0.01627
-1.14269
1.55919
-0.96439
-1.08498
-1.14565
-0.97597
-0.81419
-1.14119
-1.11405
-0.97987
-1.20676
-1.16378
-1.19937
-0.15200
-0.48646
-0.99668
-1.21650
-0.80865
-1.20455
-1.05153
-0.75952
-1.16723
-1.21883
-0.95748
-0.96422
-0.94995
-0.94416
-1.21450
-0.65168
-1.11591
-1.21445
-0.92280
-1.14816
-1.18138
-1.18514
-1.21927
-1.11025
-1.21612
-0.30498
-1.14168
-1.12512
-0.64451
-1.04618
-1.04777
-1.01945
-1.18678
-0.82594
-1.04251
-1.20574
-1.20913
-1.14957
0.04811
-0.97935
-1.19789
-1.07411
-0.77541
-1.09405
-1.14703
-0.80319
-1.21107
-1.01569
-0.69018
-0.61338
-0.88553
-1.16149
-0.91085
-0.53818
-1.19747
-0.92432
-1.02350
-1.16628
-1.21675
-1.17909
-0.47889
-1.04172
-1.19761
-0.72910
-1.18319
-1.07748
-0.77329
-0.97133
-0.72102
-0.81057
-1.03323
-1.20844
-1.21897
-0.99093
-1.18462
-0.83703
-1.21934
-0.95608
-0.91254
-0.83415
-1.21779
-0.52479
-1.21719
-1.21923
-1.11803
-0.35336
-1.02812
-0.50826
-1.16434
-1.18627
-0.89361
-1.09035
-0.75769
-0.76820
-1.08165
-1.17276
-0.98109
-1.09526
-0.71595
-0.81547
-0.83474
-0.89718
-0.98686
-0.55856
-0.01688
-1.12423
-0.66654
-0.95576
1.65902
-0.70641
-1.14854
-0.16520
-1.02262
-1.09415
-1.21653
-0.59494
-1.21704
-0.86079
-1.03635
-0.99413
-1.21502
-1.16486
-1.21941
-0.97653
-0.97633
-0.87156
-1.10888
-1.14151
-1.07965
-0.81155
-1.16330
-1.00192
-0.00436
-1.03432
-1.05487
-1.07618
-0.82200
-0.99789
-1.18366
0.39918
-1.21790
-0.79351
-0.96814
-1.02110
-1.21082
-1.21380
-1.14013
-1.21202
-1.20838
-1.21936
-0.98258
0.02086
-0.88417
-0.59807
