3.65352
2.02541
0.20728
2.02846
4.16777
3.47966
2.64305
6.32396
3.68245
3.58825
5.17787
2.47606
2.71891
0.69733
4.93634
5.72107
5.12734
3.78283
0.34650
0.91662
2.16865
0.78628
1.13920
1.48096
4.56846
0.40746
0.44040
4.67410
2.92974
4.23931
1.94373
3.46877
1.57664
0.17418
6.44286
3.35895
3.19675
3.31499
1.14639
-0.03281
1.93710
2.92986
1.61580
2.62625
3.02259
1.78489
1.25696
1.40318
3.79485
3.20129
3.43166
3.06693
5.05876
4.51156
2.76326
0.82983
-0.37966
3.13786
5.34795
4.55961
4.08776
3.09517
2.79091
0.86608
0.92907
0.12038
1.52937
3.49365
1.06005
3.14021
1.43444
2.00635
2.36519
3.05094
1.08246
2.00201
2.57946
3.36165
2.10874
2.81001
3.83737
2.96300
2.30632
3.29477
4.63453
1.28530
0.94823
3.69683
3.60507
1.28634
2.21987
1.50048
2.89725
2.25597
2.57295
1.06714
2.09469
3.35159
2.02574
2.21649
2.47637
0.05120
2.99472
2.65286
1.70411
0.42452
2.53143
-0.56544
3.29790
4.30420
3.16697
2.51871
1.46316
2.18648
1.86801
1.10212
2.26278
2.36121
2.11090
0.27769
2.19954
1.90081
2.61424
-0.65430
1.23288
5.30590
5.81343
2.52254
3.93006
0.72890
2.41194
2.23044
0.31620
1.42281
2.61330
1.32459
2.92569
5.36600
0.95619
4.58726
5.95881
3.52502
2.30005
4.53953
3.75458
2.45533
4.96993
1.19668
3.37279
4.51157
4.71971
1.44719
2.42742
1.20386
2.91879
1.54311
3.02957
4.92932
1.37866
1.62132
1.74322
2.81372
2.32559
2.08663
1.13622
2.14069
1.43715
0.42692
1.53723
0.40817
1.16012
-0.26503
2.27430
2.33612
1.12662
0.71762
0.97373
0.57093
0.20647
1.91407
-1.13253
