4.25156
6.67573
8.19505
8.19505
5.37497
8.19505
3.45077
4.27567
4.72091
8.19505
7.03696
5.47977
5.79858
3.23169
8.19505
5.07340
6.01951
3.37553
6.82412
5.94812
7.22882
5.95479
5.41268
0.44119
8.19505
4.34255
4.55622
5.02602
7.25582
4.48349
2.93380
5.28352
5.86246
3.84183
2.21373
-0.66948
7.31961
3.85728
6.53612
5.56495
0.39140
6.41092
6.00721
5.26874
0.24382
4.07940
6.02198
3.94233
-1.67357
3.85064
0.16208
6.40061
3.25602
8.19505
4.63256
4.26645
2.38072
6.35560
8.19505
2.51286
0.22776
5.74261
2.27801
8.10459
8.19505
3.64337
5.55432
4.39931
1.40943
4.75967
-0.28829
4.41258
6.31969
8.19505
0.69203
8.19505
4.24448
2.81797
1.86012
7.83134
3.77413
5.90836
2.44165
3.63537
5.37694
7.14792
-1.15461
4.39311
2.63522
6.78771
3.30487
-2.44197
3.82288
6.65739
6.31446
0.45958
4.94472
3.05143
-0.89011
4.12209
2.84380
2.98780
3.71187
3.44180
1.99133
5.66097
0.10375
-0.43772
1.31770
1.51784
5.97062
-0.60635
7.37529
4.26719
3.32181
0.00328
8.19505
0.71961
2.03618
7.76335
2.94589
4.06446
5.50126
3.99567
7.13846
3.79404
8.19505
-1.02087
-2.81151
3.52095
0.88985
0.23793
4.23842
8.19505
4.81222
2.87816
0.01589
3.16201
3.22709
4.88194
5.67528
7.01006
5.87065
4.01665
3.31298
2.94541
3.77912
2.86744
4.68723
2.30665
6.02126
8.19505
1.97061
4.41840
7.39231
3.26514
5.10152
5.66445
5.85275
5.43997
3.81086
1.45992
6.72377
1.46023
1.56135
5.76989
8.19505
1.04701
4.32483
0.82150
5.17796
1.79749
5.48253
-0.45610
-1.50320
7.61271
1.04611
1.25056
4.06123
-0.86285
