-3.96030
-3.25454
-1.85396
-2.93643
-3.24805
-3.99163
-3.91780
-1.97855
-3.91857
-1.49074
-2.21359
-4.62048
-5.32621
-3.67264
-3.78792
-6.30252
-2.57129
-5.04330
-1.28530
-3.27211
-4.02146
-3.12616
-6.62474
-4.96950
-4.59192
-3.54205
-3.25331
-4.26500
-3.34868
-2.19250
-6.90978
-5.61781
-6.72562
-1.74817
-4.01638
0.54271
-6.06330
-4.52598
-2.53910
-1.27028
-5.66622
-4.67879
-2.30843
-1.85203
-6.01238
-1.61965
1.41499
-6.72062
-4.41730
-3.78520
-5.07490
-4.95676
-2.89852
-3.17315
-3.54809
-1.04592
-2.29324
-2.41492
-3.54846
-4.65067
-6.44054
-5.43403
-5.43406
-7.21062
-5.64246
-4.44733
-4.63190
-4.59827
-3.93795
-4.56966
-5.04355
-3.69039
-5.85404
1.29392
-4.63002
-1.83244
-3.88846
-5.84449
-3.90564
0.20714
-2.49636
-2.41515
-4.88916
-2.02014
-4.47174
-2.89714
-5.82184
-2.93309
-2.69444
-5.42407
-4.42959
-0.82527
-2.61425
-3.99747
-4.19857
-2.72969
-4.64125
-4.65374
-4.37229
-3.12583
-3.34672
-4.13472
-2.88413
-3.45589
-4.42308
-3.49490
-5.01966
-5.25984
-7.40033
-3.45078
-3.20442
-3.77072
-4.56269
-2.78186
-2.62137
-4.57848
-4.87795
-5.25136
-4.06422
-3.79534
-3.89334
-2.71766
-2.47906
-3.85361
-3.48282
-4.54309
-3.74806
5.27766
-2.43015
-5.56700
-4.18268
-3.77614
-5.35256
-0.31958
-4.30437
-3.66671
-2.44596
-4.25783
-3.35940
-1.54296
-2.00408
-4.46777
-4.66940
-4.72051
-3.94588
-4.06105
-4.48268
-1.14746
-1.93369
0.44945
-0.86303
-3.69318
-3.57996
-3.48019
-3.63686
-1.79612
-3.76107
0.16249
-1.41544
0.45082
-5.32583
-2.13008
-2.66042
-4.52907
-4.07831
-0.57822
-4.35818
-3.41212
-0.39714
-2.40466
-1.39227
-0.69655
-3.70049
-2.23564
-3.17597
-0.56297
-3.88081
-4.66549
