-1.69710
-6.74579
-3.98722
-1.51994
-5.20662
-1.90890
-4.86865
-2.45274
-3.96030
-3.41751
-4.45048
-3.25454
-1.92699
-2.20629
-0.94256
-1.88840
-3.05366
-2.54645
-2.38186
-0.39042
-1.85396
-4.78587
-3.30256
-1.47936
-0.91179
-4.84139
-4.48361
-2.93643
-4.37536
-3.35207
-3.24805
-3.52524
-3.99163
-2.38373
-2.93562
-3.48758
-3.91780
-4.79014
-1.88136
-2.30539
-2.54653
-4.05099
0.21503
-1.11751
-1.48337
-5.84853
-4.47375
-1.97855
-1.85879
-3.73066
-1.15371
-4.39352
-3.89521
-3.91857
-0.22468
-2.14969
-3.84178
-3.96430
-1.49074
-3.20210
-1.18443
-2.35384
-4.26784
-3.56828
-3.35964
-3.21172
-2.21359
-4.62048
-4.57210
-1.15161
-1.88103
-3.13109
-2.27982
-2.42339
-4.74680
-5.32621
-3.54763
-1.43286
-3.67264
-1.72402
-0.54129
-1.98516
-2.56317
-2.02965
-3.41286
-1.06097
-3.06960
-1.46073
-3.78792
-3.01940
-6.30252
-2.57129
-5.08299
-5.04330
-3.70549
-3.46152
-4.99921
-3.11780
-1.47405
-1.03099
0.31338
-2.30619
-2.60613
-1.28530
-3.27211
-3.07430
-0.40330
-3.22825
-1.17625
-5.16911
-4.02146
-3.76722
-3.21436
-3.12616
-1.20999
-1.79639
-1.12049
-5.79598
-3.92313
-2.01478
-3.72457
-6.62474
-2.60147
-4.96950
-2.10503
-1.65570
-2.60770
-5.24600
-1.09036
-2.99985
-4.59192
0.69167
-1.62445
-1.32719
-3.05573
-1.49218
-3.53221
-3.54205
-1.30316
-1.77415
-3.25331
-4.34250
-2.09453
-6.18678
-4.26500
0.37483
-2.18429
-1.60297
-1.71859
-3.37891
-3.70845
-0.03644
-2.65475
-3.34868
-4.09726
-3.66063
-2.19250
-2.58745
0.75569
-3.69216
-2.12707
-1.74347
-0.44310
-3.09512
-2.18960
-1.34713
-3.44850
-0.37817
-6.90978
-0.41107
-5.61781
-1.48029
-6.72562
-1.99748
-4.89387
-5.31902
-1.74817
-2.89196
-2.57112
-3.18878
-3.78295
-4.01638
0.85845
-2.82545
-4.39746
-3.27315
-4.61734
-5.16684
-4.03220
-3.36468
-3.13245
-3.16133
-4.16039
-1.33675
0.54271
-5.24286
-6.06330
-2.85538
-3.59372
-6.53542
0.68545
-2.58031
-5.55664
-2.25582
-4.52598
-4.91713
-4.63980
-2.26386
-4.01264
-2.53910
-1.27028
-3.17824
-2.60804
-2.73329
-0.73795
-5.66622
0.57271
1.98449
-3.29314
-2.71111
-5.82615
-2.82853
-4.67879
-4.53122
-2.30843
-2.55632
-3.60928
-2.40490
-4.59699
-3.64040
-1.85203
-1.11891
0.76358
-4.05428
3.45217
-2.26845
-8.55592
-6.01238
-3.46254
-1.80410
-2.67459
0.63700
-0.35287
-1.61965
-0.96033
-5.71676
1.41499
-1.45334
-1.97939
-4.29504
-3.03058
-1.55659
-2.78149
-2.34267
-6.72062
-4.41730
-4.22446
-3.47841
-2.72704
-0.79824
-3.21106
-2.43591
-4.13308
1.82323
-3.03443
-2.97091
-0.94633
-5.17453
-3.63578
-3.78520
-5.07490
-2.95423
-4.95676
-0.62698
-3.52808
-1.46427
-4.47602
-0.00364
-2.91133
-1.52745
-2.89852
-1.85098
-2.15201
-1.61470
-3.17315
-1.80596
-3.00727
-5.10553
-0.72418
-3.54809
-4.02798
-3.02267
-1.04592
-4.66733
-5.05907
-5.52179
-1.64908
-2.29324
-4.74477
-2.34602
-4.98622
-0.21129
-8.39749
-7.28857
-6.21546
-6.38842
-4.51163
-2.41492
0.52690
-3.54846
0.01858
-1.15670
-3.93581
-1.13897
-0.73748
0.18988
-2.02555
-4.69406
-0.77116
-4.65067
-4.25167
-3.30862
-3.08123
-3.89147
-1.83621
-3.61693
-6.44054
-3.01735
-3.66648
-3.93425
-5.43403
-1.70098
-2.28402
-5.08703
-1.13075
-4.06289
-5.43406
-1.68828
1.38058
-4.86996
-2.70663
-2.43148
-7.21062
-1.25614
-1.10215
-3.92240
-2.50744
-0.75994
-2.81212
-0.48870
-2.65834
-3.50900
-5.64246
-1.47641
-2.64210
-5.11245
-2.04192
-1.85744
-2.81837
-2.74204
-1.78153
-4.88285
-3.23678
-1.17886
-3.10908
-4.36411
-4.44733
-2.06418
-4.63190
-1.27264
-5.22445
-4.14664
-4.59827
-3.74732
-2.09048
-1.78027
-6.16760
-5.09056
-2.29568
-3.67966
-2.73497
-2.54825
-2.98487
-3.39213
-3.23269
-3.93795
-2.63839
-2.27336
-3.87647
-4.97386
-2.76687
-4.56966
-5.04355
-2.55641
-3.99627
-0.85448
-1.95003
-4.88298
-3.19977
-3.01013
-1.62633
-4.35228
-3.29874
-3.69039
-4.05226
-4.72537
-5.79132
-3.45909
-5.85404
-3.03234
-2.33267
-0.89655
0.04699
-2.02278
-4.41337
-3.79979
1.29392
-0.74148
-4.31446
-5.14368
-4.63002
-1.83244
-3.85313
-3.69887
-4.07811
-1.65534
-0.98485
-3.88846
-1.98944
-5.20295
-2.12987
-5.84449
-1.28487
-1.95525
-3.90564
-3.21869
-0.60292
-0.94911
-4.69482
-6.15278
-3.74848
-3.06556
0.20714
-4.15926
-4.21757
1.20483
-0.88853
-0.96851
-4.08395
-3.56314
-2.49636
-0.77460
-4.80366
-1.61914
-2.41515
-0.11577
-3.37656
-4.88916
-3.74270
0.27553
-4.66116
-0.74400
-7.15504
-3.80184
-2.02014
-3.15289
-4.47174
-3.57378
1.18814
-3.41600
-2.78593
-2.89714
-4.72117
-0.79325
-0.69920
-5.41912
-2.91251
-2.55539
-1.37304
-3.77652
-5.82184
-2.93309
-2.29581
-2.69444
-1.73450
-4.64015
-3.98890
-0.95320
-1.87771
-5.45536
-5.42407
-1.93058
-1.09042
-1.17278
-2.34234
-2.40553
-3.19551
-0.96215
-5.21016
-4.11173
-1.68150
-4.53501
1.65382
-7.59677
-5.07349
-8.51281
-6.48584
-0.25757
-4.42959
-0.82527
-1.33242
-0.98359
-2.61425
-3.40393
-0.23670
-1.72232
0.72217
-3.99747
-2.00473
-1.35256
-4.19857
-0.39559
-4.95037
-3.90602
-7.30302
-6.68039
-2.72969
-0.82338
-1.48910
-3.23832
-4.64125
-6.68621
-3.50501
-4.15206
-3.91973
-2.83352
-4.65374
-3.85678
-2.64352
-2.06256
-1.69680
0.26545
-3.06085
-4.37229
-3.58905
-4.84968
-3.12583
-3.45298
-2.18794
-2.76255
-3.20883
-4.53500
-3.34672
-4.13472
-1.44010
-2.23681
-1.34089
-1.76782
-3.11314
-0.47446
-2.59593
-2.88413
-2.63353
-2.74150
-2.54666
-2.38948
-3.20450
-2.18235
0.41465
-3.45589
1.02022
-5.79542
-2.44832
-0.69123
-4.42308
-3.86383
-3.49490
-2.17601
-4.19477
-1.25725
-2.85808
-0.48935
-3.16504
-3.25853
-2.03686
-0.18690
-2.76616
-5.01966
-2.12266
-5.25984
-2.02482
-5.28939
-7.40033
-3.45078
-4.95830
-1.25870
-3.07702
-2.31302
-2.92919
-1.23538
-1.06467
-4.26594
-3.26160
-3.44979
-3.05863
-3.20442
-1.32273
-1.79655
-3.72084
-3.77072
-2.45138
0.34130
1.12750
-4.03744
-0.82727
-4.56269
-1.36606
-2.78186
-3.15090
-2.96791
-2.62137
-4.57848
-5.40092
-5.23349
-2.83660
-1.42601
-4.65796
-0.19702
-3.19624
-4.88827
0.80153
-4.23270
0.52748
-2.97200
-4.87795
-5.25136
-1.59024
-0.66167
-2.39457
-1.81837
-3.61386
-2.35991
-4.06422
-4.08241
-4.34096
-1.05320
-3.79534
-3.29858
-0.73056
-1.71429
-2.55927
-4.20564
-2.42912
-0.69535
0.93502
-3.36721
-2.99667
-1.87054
-3.20447
-3.89334
0.27484
-1.66375
-4.01576
-2.71766
0.56950
-4.75005
-4.79739
0.66785
-2.18409
-2.78586
-3.95356
-2.47906
-2.31439
-3.85361
-5.18245
-2.94354
-0.40080
0.49190
-1.42319
-3.42494
-3.48282
-2.83659
-0.46230
-4.54309
-0.82333
0.34140
-1.81913
-1.72655
-3.85336
-4.17064
-3.74806
-1.86190
-1.34496
-1.29938
-1.35464
-2.80322
-0.65358
-2.49068
-4.29418
-6.85538
5.27766
-0.73829
-2.41501
-0.87328
0.19768
-2.43617
-3.25410
-3.43200
-3.30564
-3.42414
-2.43015
-3.02090
-3.78108
-2.79197
3.61954
-1.03542
-3.78841
-7.74975
-7.17057
-5.56700
-1.87591
-2.74578
-2.76768
-2.48910
-2.12900
-1.36399
-1.58409
-4.18268
-2.96832
-3.77614
-0.64860
-0.60126
-4.03433
-2.03620
-2.24221
-5.21490
-2.70955
-2.84537
-4.86316
-5.35256
-0.31958
-0.31519
-2.28218
-2.82688
-1.61561
-3.73711
-4.23834
-5.29872
-4.49546
-4.30437
-3.66671
-5.14941
-2.35899
-4.54680
-4.09188
-4.72193
-3.78519
-1.99619
-2.44596
-4.04892
-5.16075
-0.27036
-1.43917
-3.35299
-0.59678
-2.16810
-3.81888
-4.26294
-4.25783
-1.97050
-3.68201
-5.08470
-2.63612
-2.15544
-3.35940
-2.03248
-4.19576
-3.36284
-1.54296
-4.97309
-3.67911
-3.34501
-2.00408
-0.30445
-1.38028
-4.38391
-4.84161
-3.56822
-2.02928
-4.46777
-2.78507
-3.76207
-2.40092
-2.49020
-3.89953
-1.55621
-3.91534
-3.72153
-6.43062
-4.66940
0.50688
3.28486
-2.52179
-1.67437
-4.72051
-3.94588
-3.29408
-2.70048
-4.40048
-6.66250
-4.06105
-0.77870
-3.05734
-4.40848
-2.91822
-2.69136
-0.95633
-1.13963
0.24360
-5.19924
-4.48268
-1.14746
-4.98175
-2.63027
-2.62020
0.69815
-6.50599
-1.93369
-3.13383
-1.76113
-2.01849
-4.97248
0.44945
-3.73687
-2.17897
-4.46522
-4.79045
-3.49978
-2.83060
-2.77059
-0.86303
-4.42493
-2.00108
-3.69318
-2.57150
-2.78889
-2.97021
-2.80048
-3.57996
-5.24794
-1.69616
-4.12170
-3.48019
-3.59152
-1.24424
-2.14050
-6.56876
-3.64180
-1.70596
-3.63686
-1.79612
-3.97802
-2.97325
-3.61877
-1.75367
0.94800
-2.48331
-2.50326
-3.95697
-1.46154
-4.47533
0.39657
-3.76107
-2.23681
-4.24100
-3.25032
0.16249
-1.85314
-3.32922
-2.41573
-5.21699
-3.61878
-3.35788
-1.41544
-0.85084
0.45082
-2.21237
-2.94070
-3.24293
-0.18683
-3.06837
-2.96539
0.30356
-2.70019
-3.43683
-3.07393
-4.03590
-5.32583
-4.01021
-3.56340
-0.48602
-3.12921
-2.13008
-3.07427
-1.85003
-1.89750
-3.12466
-3.17207
-2.75114
-0.70403
-2.66042
-4.82863
-1.85254
3.42465
-7.13158
-2.90570
-4.52907
-2.42311
-2.65028
-4.92543
-0.89843
-3.78781
-2.67635
-4.22926
-4.07831
-2.60372
-4.29400
-2.64730
-0.57822
-5.29800
-1.80425
-2.39412
-1.90718
-6.12336
-5.87370
-4.35818
-2.67853
-1.66969
-5.30482
-3.41212
-5.78271
-0.39714
-4.22713
-4.39622
-3.73990
-3.71978
-3.51767
-2.85692
-2.80707
-2.40466
-5.40162
-1.39227
-2.67066
-4.97393
-2.55518
-0.20948
-1.72583
-1.85261
-0.69655
-2.91841
-3.70049
-0.71931
-2.11389
-5.50139
-3.63407
-0.50504
-4.08209
-3.29507
-5.28154
-5.77652
-2.23564
-2.33512
-3.17597
0.71854
-0.56297
-1.84046
-1.31825
-2.78551
-5.63261
-3.82861
-3.88081
-2.33634
-3.87721
-1.47429
-3.67507
-2.79441
-5.72161
-3.09298
-3.38135
-2.39662
-5.81695
-0.82190
-3.62010
-4.66549
-1.46975
-5.47476
-0.72178
-1.39881
-5.00823
-5.40322
