-3.09530
-0.94246
-2.97751
-3.69320
-3.48544
-3.09770
-1.37337
-3.95444
-3.31289
-4.69258
-3.62303
-2.37950
-2.99577
-3.83132
-4.29405
-3.71199
-2.88383
-1.21113
-1.45868
-4.06099
-2.06414
-2.85362
-2.66857
-3.12266
-2.24143
-2.75784
-3.34793
-3.81297
-4.16388
-2.51989
-3.10260
-2.58584
-1.83640
-2.85013
-3.42642
-3.98997
-3.92348
-3.15843
-2.95657
-3.36849
-4.85223
-3.03356
0.02917
-2.28304
-4.52769
-2.31958
-4.91495
-2.09004
-1.96468
-0.99014
-2.54967
-3.24979
-3.40107
-3.25890
-2.98080
-2.18707
-2.15099
-3.92679
-3.99606
-4.33818
-3.74919
-5.49414
-2.33689
-3.81791
-2.68803
-1.59032
-2.14851
-3.91829
-3.64979
-4.25515
-4.75684
-4.17743
-2.31377
-3.93715
-4.27247
-3.97621
-4.44326
-2.97797
-4.54633
-3.38396
-2.09517
-5.12771
-2.63401
-3.31316
-1.78765
-2.24798
-3.72840
-4.09605
-3.20398
-2.21000
-2.24175
-5.18801
-3.54678
-2.19044
-1.19123
-2.97466
-2.54032
-3.64583
-3.64295
-3.49883
-4.96177
-3.49269
-1.63071
-3.16861
-2.45679
-0.73019
-3.87742
-5.48155
-2.59607
-0.68312
-3.52994
-3.82310
-0.02826
-0.65726
-3.21100
-3.92630
-5.08053
-3.64636
-2.56301
-3.87344
-4.10666
-3.52876
-5.45958
-4.23899
-4.43620
-0.40053
-2.34763
-1.77437
-2.35901
-3.84764
-4.23961
-1.86208
-0.50841
-4.17249
-5.14568
0.46236
-3.87643
-4.60412
-3.51776
-4.00248
-1.28865
-0.99989
-5.86502
-3.17106
-1.74434
-3.16008
-5.33529
-0.54538
0.61174
0.24122
-2.24213
-3.42588
0.02770
-2.28880
-3.37297
-3.65962
-3.47892
-3.41094
-4.02485
-2.79215
-4.54814
-0.00956
-3.34678
-1.64534
-2.98182
-2.70015
-4.48863
-2.77520
0.67889
-3.95441
-1.40970
-4.72855
-1.92810
-5.07475
0.07958
-2.99947
-0.44943
-1.06879
-2.93399
-4.82314
-4.76337
-4.72578
-2.65618
-5.92417
-4.15346
-2.54526
-2.80382
-1.24763
-3.40271
-3.06117
-6.09745
-1.71311
-3.25074
-1.56424
-2.47081
-2.84792
-3.10595
-4.95333
-4.56526
-4.07631
-0.53356
-3.48681
-1.18176
-2.23685
-4.11975
-1.93557
-3.66036
-2.60083
-3.14419
-4.32067
-1.64179
-4.76438
-5.00921
-2.05187
-4.40165
-2.01361
-0.51450
-3.39637
-4.44462
-1.06612
-1.92126
-3.21891
-1.66586
-0.32148
-3.72562
-3.16853
-2.12150
-4.30884
-5.32723
-1.65521
-1.86163
-4.12950
-2.57489
-2.75276
-2.74387
-2.40933
-4.43621
-4.38218
-3.34282
-3.60444
-3.25830
-1.48512
-2.55936
-2.74676
-2.95021
-4.59731
-4.61591
-2.77827
-2.21553
-1.96631
-3.95239
-3.10078
-2.48330
-4.36581
-3.25446
-2.26345
-4.93408
-3.49827
-3.65637
-4.46014
-4.47049
-3.32076
-3.80623
-2.85457
-1.49710
-4.79679
-5.21195
-3.55046
-4.77879
-1.67305
-2.36577
-5.06894
-1.90073
-6.01448
-1.99629
-2.54447
-1.31793
-1.14044
-2.44246
-4.94398
-3.48065
-3.75945
-3.96454
-3.26454
-5.27943
-1.03490
-2.03138
-2.82851
-5.07609
-1.50850
-3.36737
-2.85181
-5.37952
-2.10790
-1.88348
-1.45039
-5.42452
-1.39833
-3.33368
0.20409
-1.57081
-0.63036
-2.47426
-2.44179
-3.64280
-1.99167
-2.19540
-3.29852
-2.04958
-2.49357
-0.96023
-4.80335
-1.22242
-3.05250
-5.59293
-1.94494
-3.65054
-3.39954
-2.52905
-3.27083
-2.00519
-3.86560
-3.83770
-2.56656
-3.61604
-5.03047
-3.27305
-3.00953
-1.11678
-1.64008
-5.25576
-2.20663
-3.17218
-5.80724
-3.70805
-1.94395
-4.15998
-3.02130
-5.07629
-2.96262
-1.05286
-2.83587
-2.71997
-3.26032
-2.74548
-4.01754
-2.46834
-2.20799
-2.85795
-4.18541
-3.79725
-3.63216
-3.43337
-1.80647
-0.94674
-1.61367
-4.31554
-3.02488
-3.61758
-3.86710
-5.19069
-3.26374
-3.64805
-4.80342
-3.66551
-4.82072
-1.37270
-2.18618
-1.33347
-2.47918
-2.91920
-0.59287
-3.21436
-2.32233
-4.35088
-2.61861
-3.57408
-2.64126
-4.66525
-4.20683
-1.88031
-2.11635
-3.39683
-3.60756
-2.94505
-3.78771
-3.74977
-2.89910
-3.75240
-2.50755
-2.69687
-4.22964
-0.56053
-2.79871
-2.21328
-4.60719
-3.55118
-3.06289
-3.46944
-6.03673
-4.27823
-2.73933
-3.38931
-3.68549
-5.19605
-4.67120
-3.67506
-2.51245
-4.25528
-4.97572
-3.65910
-2.89876
-3.81399
-3.39509
-2.50880
-3.72816
-5.15106
-0.16888
1.16461
-3.96346
-3.38825
-3.11840
-3.48143
1.05083
-3.45127
-3.98396
-5.54310
-3.59450
-3.47315
-2.31257
-4.78940
-3.97252
-4.07369
-2.89477
-4.76916
-4.07632
-2.81277
-3.87801
-2.03290
-1.74198
-4.14568
-6.51540
-2.43160
-2.11949
-3.99645
-2.64811
-3.51633
-4.38893
-4.14647
-1.89105
-1.71444
-5.74126
-4.14111
-2.66453
0.31651
-5.19801
-2.37864
-3.43790
-3.12684
-4.74018
-2.83915
-2.12821
-4.44230
-5.00919
-3.80467
-3.33866
-5.48037
-4.22325
-2.30539
-3.63525
-2.00772
-4.84010
-4.61991
-1.92276
-4.64973
-4.90512
-4.09793
-3.09674
-3.38451
-4.56393
-4.30210
-2.34708
-3.10150
-4.19879
-3.19588
-5.42355
-4.33119
-3.16621
-1.97724
-5.43524
-2.19231
-2.15108
-1.86854
-5.40786
-4.36420
-2.85211
-1.91386
-1.88239
0.47505
-2.26877
-1.98767
-2.55880
-0.61940
-4.01569
-4.92939
0.10648
-3.44657
-0.59083
-2.59215
-1.07524
-3.69934
-5.54873
-2.27655
-1.19926
-4.27641
-2.65990
-5.07053
-1.59164
-1.61131
-1.28263
-4.58819
-0.64517
-4.80079
-4.26494
-3.86566
-1.84529
0.88219
-0.04516
-2.53038
-2.93002
-3.38624
-4.89466
-0.47020
-5.01733
-3.83228
0.16836
-1.54976
-4.89491
-3.59880
-4.86889
-0.60675
-4.87404
0.20838
-2.56119
-3.07383
-3.28941
-3.13809
-4.58246
-5.87106
-4.56336
-6.03178
-4.95151
-2.32741
-3.89022
-4.56538
-4.25303
-2.94366
-0.26558
-4.03727
-4.73755
-5.05474
-4.09272
-1.36317
-3.61878
-3.80980
-2.06656
-2.27979
-2.34845
-3.13472
-4.63569
-4.30930
-5.16742
-1.75105
-3.54326
-3.89237
-3.09939
-0.45148
-1.42262
-3.05923
-2.48627
-3.62240
-4.85045
-5.04351
-3.24621
-1.45891
-5.56205
-2.39255
0.36301
-4.20628
-4.34203
-2.71310
-3.29243
-3.00797
-3.52682
-1.56613
-3.01959
-4.49375
-1.43729
-2.08978
-1.24292
-3.62706
-3.75570
-4.24913
-2.29303
-2.95531
-0.17805
-0.71456
-2.39006
-3.74388
-2.33579
-2.21833
-4.58270
-4.53427
-3.98598
-1.56904
-2.59376
-1.48633
-2.34184
-2.66363
-3.95502
-2.73562
-3.82620
-3.35563
-4.63701
-1.91993
-1.02022
-0.95896
-0.88568
-4.01319
-3.18991
-3.35421
-2.45895
-4.08424
-5.08711
-3.87887
-4.63308
-2.23134
-2.02053
-2.10801
-3.37652
-2.28381
-4.47566
-1.82240
-0.46568
-4.05085
-3.02171
-4.01382
-4.39717
-3.56851
-2.49535
-3.30091
-1.28510
-1.40430
-3.16736
-3.48067
-4.55907
-1.62407
-3.82820
-4.99139
-2.93357
-3.45030
-3.19310
-4.14680
-0.97451
-1.39745
-0.25430
-4.21940
-4.75919
-1.22377
-4.05341
-3.17207
-2.38956
-4.41094
-3.35565
-3.46282
-0.92513
-3.59635
-4.19721
-3.84357
-3.07239
-2.90664
-1.56874
-4.06922
-2.31051
-3.97830
-4.22507
-3.69544
-3.54605
-2.67648
-2.68262
-1.18351
-2.37127
-3.38210
-4.64852
-5.27832
-2.29376
-4.85207
-1.82503
-5.28649
-1.54754
-2.10917
-3.58615
-5.88048
-3.39561
-2.74450
-2.63122
-4.19299
-2.65721
-2.21621
-2.68960
-4.28659
-2.43866
-4.15026
-3.15824
-2.25210
-2.26225
-3.33805
-4.17225
-3.45810
-3.01445
-3.33272
-1.57803
-4.76212
-2.22055
-3.49816
-0.97799
-2.36278
-2.71096
-4.26737
-2.62026
-5.29261
-3.17829
-1.63085
-3.27756
-2.38646
-2.84452
-1.70078
-4.13468
-4.91271
-2.82489
-1.75726
-2.62721
-3.88706
-3.44460
-1.63066
-1.94497
-4.40379
-5.60213
-3.33231
-4.08710
-2.71211
-3.72719
-2.32980
-1.05594
-0.85333
-1.36296
-3.49085
-3.45282
-3.07138
-2.86036
-2.64146
-4.27630
-5.29890
-4.85205
-5.05036
-3.49989
-4.15910
-3.16545
-1.69797
-2.36270
-4.56684
-4.43536
-4.06699
-1.38408
-0.88248
-3.36556
-4.59361
-3.07376
-4.52949
-2.30171
-5.56806
1.40758
-0.16385
-3.38299
0.66387
-2.45633
-5.25016
-1.32464
-3.80239
-3.51312
-2.02334
-2.99859
-3.45909
-2.30082
-3.26563
-3.88919
-4.03945
-0.45316
-1.20678
-4.74840
0.57454
-4.17707
-3.30281
0.06261
-4.30523
-5.15343
-1.62722
-3.16955
0.63321
-0.40105
-2.54701
-1.17882
-2.94594
-4.34804
0.08765
-3.89800
-2.83387
-5.86732
-5.52644
-3.64764
-2.72094
-3.50216
-3.86314
-2.98829
-4.09239
-3.10612
-2.12412
-2.58782
-1.77144
-3.10062
-5.47328
-4.13908
-4.38299
-0.08742
1.35816
-4.45236
-6.20594
-5.29102
-1.30142
-3.31626
-1.63499
-0.78705
-1.41153
-2.63760
-4.62918
-2.80864
-2.90328
-2.61231
-0.00630
-3.61759
-3.11041
-2.79739
-5.48406
-2.01995
-4.76591
-4.02293
-3.97100
-2.57835
-4.92590
-1.94070
-2.91097
-2.98184
-2.26333
-2.00116
-2.61861
-2.76203
-2.83648
-2.09477
-3.82821
-4.13337
-5.01572
-2.89172
-5.18735
-4.60848
-2.80886
-5.20221
-4.58426
-1.79990
-3.16290
-1.36953
-4.32388
-3.47815
-2.14001
-3.21245
-3.03640
-3.90699
-4.27089
-5.07974
-3.17630
-4.23020
-2.81092
-4.03089
-3.87937
-2.47536
-3.28471
-3.75046
-2.84719
-0.55618
-2.12915
-2.24895
-3.89329
-5.14741
-0.48899
-2.31548
-0.13925
-3.43341
-4.33262
-3.66010
-4.86002
-4.21398
-1.70491
-3.14361
-3.35377
-3.15162
-3.29714
-5.38156
-4.12534
-4.87204
-2.09305
0.82290
-3.63653
-1.24989
-3.77274
-1.34512
-2.02106
-3.61048
-2.13464
-3.12524
-0.03145
0.53266
-4.91756
-4.24348
-2.91332
-5.41677
-5.49737
-0.48835
-4.13757
-4.77665
-4.50115
-4.77393
-2.96500
-0.44895
-3.87965
-5.17461
-2.41959
-4.21132
-1.91985
-0.81645
-6.82542
-5.59637
-5.38890
-4.49776
-2.78915
-5.10392
-4.30991
-3.46922
-3.81019
3.36662
-5.07390
-1.34214
1.38995
-5.19364
-3.78162
-3.65864
0.49805
-4.34015
-2.19067
-5.24733
-1.22576
-4.95030
-3.05786
-4.18304
-4.85846
-2.16438
-2.43562
-2.52275
-3.51596
-1.23227
-3.91867
-3.53535
-4.66312
-3.11999
-1.34484
-5.07475
-2.53980
-1.95312
-5.15433
-4.66406
-5.07632
-4.07541
-4.27971
-0.60935
-4.27927
-4.74272
-3.73112
-3.25784
-0.77731
-3.75473
-4.10743
-4.84371
