-3.95444
-3.62303
-3.71199
-2.88383
-2.75784
-3.34793
-3.10260
-2.28304
-2.09004
-3.92679
-4.33818
-4.25515
-4.75684
-4.17743
-4.44326
-4.09605
-3.20398
-3.64295
-3.16861
-5.48155
-3.21100
-5.08053
-3.52876
-5.45958
-4.17249
-5.14568
-5.86502
-4.02485
-4.54814
-3.95441
-1.40970
-4.72855
-4.76337
-4.72578
-6.09745
-4.56526
-3.48681
-5.00921
-4.40165
-1.92126
-1.65521
-3.34282
-3.25830
-4.59731
-2.26345
-4.93408
-3.80623
-6.01448
-1.99629
-3.48065
-5.27943
-2.85181
-5.37952
-0.63036
-2.04958
-1.22242
-3.27083
-3.83770
-2.56656
-1.94395
-3.02130
-3.26032
-2.85795
-3.79725
-0.94674
-3.26374
-1.37270
-2.91920
-1.88031
-3.74977
-4.22964
-6.03673
-3.38931
-5.19605
-3.65910
-2.89876
-3.59450
-4.78940
-3.97252
-4.07632
-6.51540
-4.14647
-5.74126
-2.37864
-2.12821
-5.48037
-4.64973
-3.16621
-2.19231
-2.15108
-1.07524
-3.69934
-1.28263
-0.64517
-0.47020
-4.89491
-3.13809
-2.32741
-4.03727
-5.05474
-4.30930
-5.16742
-3.62240
-4.20628
-2.08978
-2.29303
-2.33579
-4.58270
-3.95502
-4.63701
-4.08424
-2.02053
-4.47566
-4.01382
-1.62407
-4.99139
-3.19310
-1.39745
-3.35565
-1.56874
-3.54605
-5.27832
-5.28649
-2.74450
-4.28659
-4.15026
-3.45810
-3.33272
-5.29261
-4.91271
-1.75726
-4.40379
-3.33231
-3.45282
-2.64146
-5.05036
-2.30171
-5.56806
-1.32464
-3.80239
-4.03945
-4.74840
0.57454
0.06261
0.08765
-3.89800
-3.50216
-3.86314
-4.45236
-6.20594
-0.00630
-3.11041
-4.76591
-3.97100
-3.82821
-4.13337
-5.18735
-2.80886
-4.32388
-3.17630
-3.28471
-2.84719
-3.89329
-3.66010
-3.29714
-4.12534
-3.77274
-4.24348
-4.50115
-2.96500
-5.38890
-4.30991
3.36662
-3.65864
-1.22576
-2.43562
-3.53535
-4.66312
-5.15433
-4.27971
-4.84371
