5.65087
10.28967
7.49859
7.13180
6.14751
4.64789
10.20287
5.27029
-1.48056
9.52633
6.70018
3.10323
3.68510
4.55049
5.70563
4.08833
6.00805
4.15459
9.13923
7.97098
7.64856
6.11355
10.28967
6.23348
9.04147
4.18952
5.39814
10.28967
5.10433
5.30630
8.67983
4.52125
-1.56063
1.37219
5.47066
2.54759
7.35325
10.00589
7.40343
7.60998
3.52598
2.76528
7.49551
6.88688
10.28967
8.25197
8.10402
7.75325
9.71203
3.79455
6.33332
-1.35456
9.88094
6.43725
9.13366
5.76004
3.36500
7.85526
6.87369
1.04698
8.39799
5.50617
2.19347
5.48611
5.36449
4.00494
1.09058
4.63933
8.09654
8.31654
10.03993
10.28967
7.62252
7.29049
0.75535
1.71496
6.77919
10.28967
8.97082
4.73295
4.93634
8.03428
6.84166
2.99932
3.54259
3.18544
3.46968
6.28543
3.22725
9.34563
6.43031
4.87925
9.40286
9.87799
6.26644
6.25005
9.17493
8.68276
1.99599
4.91951
6.32205
2.91484
3.95558
-0.50314
-0.38967
4.09994
6.76885
2.33794
8.01453
0.37991
8.66135
2.38516
7.04942
5.26013
5.39166
-2.71068
5.50720
8.26023
8.92493
1.03915
7.44121
2.60825
8.85711
3.97908
2.16273
0.98353
5.72057
5.45828
8.31476
7.82316
2.25545
4.06905
4.78734
5.38947
8.42440
2.11061
7.63726
7.27448
7.80052
10.28967
8.31240
5.63732
10.28967
7.94366
4.65124
8.31858
9.75325
9.69052
9.25422
8.11209
7.86030
8.44917
7.76669
7.74319
10.25371
3.95772
6.96151
7.25380
6.42862
2.56575
8.02979
10.28967
5.92749
0.80703
8.67155
4.44241
8.30610
5.15149
3.78362
8.67934
6.30952
6.49174
6.41255
7.74412
5.75163
7.88823
6.73001
7.55416
3.32803
2.02377
3.00197
6.16070
7.54570
8.29710
2.95051
-3.67311
5.41102
2.40322
2.97631
0.87105
5.55535
4.15458
2.09719
5.64155
6.52933
5.85601
3.12705
10.28967
6.68871
4.26413
