-0.77013
-0.85995
-0.86086
-1.04250
-0.98639
-0.53613
-0.67942
-1.17745
-1.03394
-1.20409
-1.11062
-0.01573
-1.01190
-1.03390
-1.19258
-1.01545
-1.16982
-1.12510
-0.78780
-1.14895
-0.88675
-0.98989
-1.20880
-1.03633
-1.05043
-0.96281
-0.84943
-0.93786
-0.87179
-1.11254
-1.04112
-0.89084
-0.98996
-1.09556
-0.70768
-0.91354
-0.95032
-1.06221
-1.18753
-0.92399
-0.54938
-1.21460
-1.05334
-0.90525
-0.32025
-1.13853
-1.11651
-1.08120
-1.12331
-1.10646
-1.07766
-1.19897
-1.04183
-1.16223
-1.19503
-0.97158
-1.21358
-1.16977
0.08747
-0.97867
-1.19999
-1.10004
-0.68852
-1.17540
0.34482
-0.40116
-0.97237
-0.55862
-1.21404
-1.17454
-0.57888
-0.29554
-0.98714
-1.00197
-0.89992
-1.20493
-1.14806
-1.13004
-1.17303
-0.93013
-1.15632
-0.73640
-1.06903
-1.19613
-1.20069
-1.21282
-0.81144
-1.19933
-0.91596
-1.09908
-1.18884
-1.19226
-1.08719
-1.18258
-1.21407
-1.13197
-1.20946
-1.08322
-0.72898
-1.10400
-0.80815
-0.96123
0.58663
-1.07299
-0.67875
-1.19412
-0.87634
-1.21153
-1.17045
-1.08074
-1.15687
-1.07747
-1.00005
-0.97924
-1.03509
-1.06197
-1.15496
-1.02738
-1.09872
-1.16717
-1.19062
-1.08156
-1.09735
-0.71224
-0.91618
-1.16464
-0.59421
-1.10764
-1.17309
-1.17418
-1.05768
-1.18991
-1.20998
-1.16649
-1.20798
-1.19328
-1.18764
-1.13227
-0.93477
-1.11831
-1.03993
-0.69700
-0.02322
-1.01788
-0.79249
-0.78177
-0.90365
-1.10916
-1.10509
-1.05088
-1.16375
-1.02818
-1.19247
-1.15783
-1.11954
-0.87443
-0.46568
-1.16401
-1.15525
-0.74576
-1.16633
-0.89084
-0.85582
-1.15537
-1.20747
-1.06039
-1.14833
-1.17343
-1.08932
-1.21417
-1.21353
-1.20883
-1.08971
-0.69654
-1.18862
-0.68788
-1.13287
-0.98123
-1.07710
-1.18096
