1.73928
1.45073
2.40666
1.11989
0.49238
-0.20881
1.40171
0.29520
1.87427
1.66817
0.50752
0.13873
0.05835
0.23626
1.14050
1.60278
0.57311
0.30897
0.34350
1.36798
0.64263
1.00365
0.52784
0.07327
0.58990
-0.26326
0.04812
0.21741
-0.07721
-0.04132
0.15738
1.20480
-0.52496
0.61623
-0.73802
0.34701
0.55424
-1.09582
1.04155
-0.32500
0.48721
0.20555
1.16385
0.97132
-0.42034
1.35457
1.14017
-0.13848
-0.71017
0.99691
0.46723
-0.13946
0.91664
0.81770
1.21288
-0.13897
-0.59644
0.46723
0.40995
0.70018
0.46672
0.45974
0.25823
-0.15310
0.60420
-0.33836
2.07735
0.87252
0.56003
0.71813
-0.10005
-0.74350
1.41594
0.36283
0.09429
-0.27965
1.23364
0.69262
0.51101
-0.80601
-0.12439
-0.05883
2.20011
-0.09756
-0.31015
3.69023
0.48799
2.98764
2.01008
1.28992
3.65788
3.85794
0.41490
2.81803
0.87504
3.53147
1.56045
1.29650
-0.41698
0.11631
0.58056
-0.46444
1.06796
0.77153
2.87829
0.60413
1.34069
1.26124
1.11471
1.78081
-0.40342
-0.50515
-0.37472
-0.70372
-0.70854
-0.93572
-0.66065
1.62194
-1.21436
3.08088
1.11994
1.01121
0.22746
0.51566
2.25726
1.82252
-0.01907
1.53930
2.53201
2.38622
2.65115
0.12893
0.80765
1.00127
1.84275
1.23294
-0.45656
-0.83627
-0.79285
1.51363
1.90509
-0.62012
0.19049
0.52507
1.73568
2.36849
0.73446
1.13073
2.22048
0.46310
0.89176
1.23641
0.39310
-0.17178
0.31634
-0.99406
1.15567
0.05661
0.44716
-1.10400
-0.52670
1.07796
-0.60450
1.60497
0.28449
-0.05449
1.14034
0.91475
0.32913
0.20480
-0.40822
1.14216
0.05827
0.72152
-0.75849
0.17221
0.64798
-0.45991
-0.32571
-1.00626
-0.06680
-0.77523
1.90231
1.18932
0.48486
0.48268
-0.29154
1.09196
1.29042
0.89208
0.66336
-0.58473
0.49296
-0.29758
-0.29682
-0.38732
0.62154
-0.64780
0.14757
-0.30178
