-0.77013
-0.87661
-0.50581
-0.85995
-0.43573
-0.84564
-0.33126
-0.70355
-0.36421
-0.83902
-0.26622
-0.62897
-0.44908
-0.30066
-0.65618
-0.96468
-0.88467
-0.28764
-0.86086
-0.32664
-1.13182
-0.56330
0.36467
-0.92091
-1.04250
-0.81107
-0.17920
-0.80040
-0.56406
-0.43707
-0.31993
-0.98639
-0.91659
-0.76485
-0.18862
-0.36723
0.18487
-0.25562
-0.53613
-0.00688
-0.67942
-0.96824
-0.59022
-0.57812
-0.86462
-1.17745
-0.78272
-0.39108
-0.79934
0.23872
-1.03394
-0.28930
-0.58532
-0.45436
-0.34312
-0.96447
-0.39638
-0.89138
0.03438
-1.20409
-0.38119
-0.17229
0.03296
-1.11062
-0.11009
-0.01573
-0.79393
-0.65523
0.30093
-0.66949
-0.30749
-1.01190
-1.03390
-0.34197
-0.90481
-0.63431
-0.16993
-0.57079
-0.90317
-0.15707
-1.19258
0.45152
-0.78954
-0.77689
-0.55062
-0.52491
-0.30000
-0.78620
-1.01545
-0.36898
-0.61199
-0.48078
-0.43264
-1.16982
0.17816
-0.39100
-0.82896
-0.52678
-1.12510
-0.36855
0.14841
-1.18542
0.50872
-0.78780
-0.88228
-0.70898
-0.79948
-0.90065
-0.57344
-1.14895
-0.15198
-0.56610
0.48817
-0.88675
-0.76126
-0.35882
-0.98989
-0.16970
-0.26519
-0.28158
-0.37444
-0.51077
-1.20880
-0.18697
-0.43230
-1.03633
-0.88110
-0.46616
-0.90285
-0.11830
-0.39400
-0.33544
-0.40562
-1.05043
0.08047
0.08840
-0.23830
-0.97320
-0.83025
-0.24964
-0.96281
-0.54289
-0.65183
-0.84943
-0.93786
-0.75726
-0.48618
-0.02251
-0.44143
-0.87729
-0.74696
-0.62193
-0.51500
-0.87179
-0.40419
-0.22799
-0.98030
-1.11254
0.08071
0.18736
-1.04112
-0.43795
-0.68498
-0.64255
-0.79413
-0.89084
-0.89542
0.18294
-0.51981
-0.22325
-0.55162
-0.67384
-0.24966
-0.98996
-1.09556
-0.49709
-0.39591
-0.73356
-0.29568
-0.51981
-0.56530
0.49883
-1.02453
-0.52961
-0.36545
-0.05035
-0.70768
-0.36146
-0.37335
-0.70799
-0.87253
-0.56231
-0.62079
-0.19605
-0.91582
-0.78704
-0.91354
-0.61845
-0.45510
-0.53378
-0.76216
-1.00758
-0.95032
-0.31252
-0.60053
-0.68402
-0.63584
-1.06221
-0.68881
-0.04362
-1.18753
-0.92399
-0.69727
-0.60184
-0.07562
-0.39705
-0.28725
-0.63182
-0.13355
-0.60990
-0.30096
-0.54938
-0.33332
-0.57242
-1.21460
-0.83260
-0.92673
-0.25803
0.12914
-0.47151
0.65979
-0.32639
-0.42676
-0.31707
-1.02554
-1.05334
-0.41135
-0.90525
-0.36196
-0.81439
-0.32025
0.21291
-1.13853
-0.79689
-0.41675
0.40040
-0.56335
-0.62966
-0.01043
-0.60911
-1.11651
0.05654
-0.93749
0.15762
-0.01587
-0.09804
0.17871
-0.05652
-1.06287
-0.48990
-1.08120
-1.12331
-0.41464
-0.18324
-0.26872
-0.47157
-0.92291
-1.10646
-0.33797
-0.47627
-0.85522
-1.11568
-0.32697
-0.83786
-0.60008
-1.07766
-0.23586
-1.19897
-0.16249
-0.56533
0.34503
0.12721
-0.90067
-0.90776
-0.37018
-0.57159
-0.60732
-0.23378
-0.46202
-1.04183
-0.05292
0.09878
-0.53877
-0.06254
-0.87276
-0.35455
-1.00378
-0.80384
-1.16223
-0.64108
-1.19503
-0.62363
-0.88723
-0.28683
-0.31219
-0.47195
-0.97158
-1.02524
-0.69644
-0.99789
-0.98773
-0.28001
0.20978
-1.10057
-1.21358
-1.16977
-0.13332
-0.46053
-1.14505
-0.15997
-1.03501
0.08747
-1.21213
0.52822
-1.14883
-0.43492
-0.09732
-0.27314
-0.33791
-0.75272
-0.81992
-0.97867
-0.55678
-0.53917
-0.75994
-0.22514
-1.19999
-0.91807
0.19449
-1.18302
-1.10004
-0.35443
-0.66528
-0.22297
-0.43242
-1.12277
-0.32680
-0.68852
-1.10170
-0.76589
-0.46184
0.35535
-1.17540
-0.66504
-0.95897
-0.34422
0.34482
-0.68555
-0.82041
-0.43750
-0.04508
-0.34733
-0.56777
-0.62687
-0.26469
-1.12395
-0.20487
-0.40116
-0.23169
-1.10158
-0.97237
-0.21853
-0.17455
-1.02656
-0.55862
-0.82912
0.08243
-1.19797
0.16791
-0.97042
-0.90366
-0.52532
-0.47954
-0.57043
-1.21404
-1.17454
-0.40868
-0.61030
-0.26060
-0.59319
-0.57888
-0.18465
-0.39659
-0.65153
0.02104
-0.35111
-0.56508
-0.35582
-0.94096
0.15070
-1.12985
-1.04816
-0.39500
-0.55802
0.12240
-0.30725
-0.43281
-0.68547
-0.29554
-0.85904
-0.56936
-0.57984
0.32550
-0.19397
-1.07573
-0.81339
-0.89226
-0.98714
-1.00197
-0.40175
0.78342
0.03377
-0.83660
-0.45295
-0.59127
0.33309
-0.89992
-0.96395
-0.97309
-1.20493
-0.54934
0.10063
-0.78126
-0.64978
-0.17859
-0.92289
-1.14806
0.04966
-1.13004
1.10491
-0.38224
-1.08792
-1.17303
-0.98654
0.42297
-0.39391
-0.73750
-0.84346
0.02641
-0.80224
-0.93013
-0.24395
-0.88478
-0.64931
-1.01043
-0.71309
0.20882
-1.15632
-0.97836
-0.73640
-0.83581
-0.32794
-0.91232
-1.06903
-0.72456
-1.10044
-1.19613
-0.80599
1.10019
-0.75801
-0.50743
-0.63846
-0.39587
-0.95162
-1.20069
-0.90846
-0.42596
-1.21282
-0.13254
-0.01461
-1.12965
-0.62992
-0.14766
0.32871
-0.46126
-0.98919
-1.19182
-0.81144
-0.84162
-0.99322
-1.19933
0.31983
-0.53589
-0.52582
-0.91596
-1.11949
-0.27979
-0.62014
-0.43151
-0.38040
-0.80444
-1.01672
-0.30143
-0.72186
-0.75066
-0.61564
-0.67213
-1.09908
-0.49516
0.41462
-0.99584
-0.27189
-1.18884
-0.94617
0.21880
-1.08421
-0.54164
-0.28590
-0.34944
-0.29080
-1.19226
-0.59608
-0.24560
-0.91931
-1.08719
-1.20372
-1.18258
-0.56070
-0.76878
-0.33755
-0.80805
-1.21407
-0.78512
-0.19790
0.30256
0.55620
-0.96156
-1.13197
-0.34270
-0.63598
-1.20946
-0.78508
-1.08322
-0.40902
-0.66667
-0.57167
0.08782
-0.70040
-0.27436
-0.38029
-0.67137
-0.72898
0.23601
-0.04928
-1.19300
-0.29867
-0.58278
-1.07688
-0.63653
0.16973
-0.83987
-0.41465
-0.49835
-1.20766
0.80932
-0.84223
-0.19371
-1.20650
-0.67084
-0.55585
-1.10400
-0.80815
-1.03662
0.02554
-0.52829
0.52865
-0.64319
1.14463
-1.06884
-0.96123
-0.37640
0.58663
-0.48261
-0.94162
-0.63633
-0.33596
0.09822
-0.66233
-0.77195
-1.00494
-1.07299
-0.63444
-1.18401
-0.57525
-0.67875
-0.31349
-1.19412
-0.71743
-0.02695
-0.20899
-1.20301
-0.87634
-1.00914
0.39146
-1.21153
0.52655
-0.26672
-0.77412
1.15966
-0.73500
-0.85350
-1.17045
-1.08074
0.42484
-1.12906
0.52984
-0.93943
-0.36557
-0.45181
-0.62730
-0.68899
-0.27026
-0.21957
-0.67321
-1.15687
0.32587
-0.70474
-1.07747
-0.58334
-0.95924
-1.08450
-0.70926
-0.00532
-1.00005
-0.49759
-0.97924
-0.04790
-0.36382
-0.21714
-1.20973
-0.56832
-1.05937
-1.03509
-0.77634
-0.79149
-1.06197
-0.96023
-0.12504
-0.12447
-0.69579
-0.34265
-0.66973
0.06321
-1.14785
-0.52293
-1.15496
-0.26416
-0.86305
-0.58599
-0.94103
-1.02738
-1.09872
-0.85434
-0.23370
-0.68206
-0.66887
-0.95281
-0.54309
-0.54436
-1.16717
-1.19062
-0.78865
0.78956
-0.72995
-0.41055
-0.68005
-0.31922
-0.57885
-0.22516
-0.66186
-1.08156
-0.40009
-0.13148
-0.16487
-0.64869
-0.05660
0.22789
-1.09735
-0.17815
-0.81382
-0.65147
-0.71224
-0.68777
-0.22225
-0.07522
-0.38331
-0.90784
-0.63591
-0.91618
0.08791
-1.16464
-1.21368
-0.06809
0.14654
-0.59421
-1.19256
-0.10222
-1.20598
0.80981
-0.43840
-1.10764
-1.17309
3.70110
-1.05218
-0.13935
0.11753
-0.64809
-0.59624
-0.87794
-0.54953
-1.17418
-0.59192
-0.00518
-0.37766
0.03081
-0.98223
-0.46631
-1.06816
-1.05768
-0.03975
-1.18991
-0.91179
-0.50941
1.04150
-0.98959
-0.36398
-0.74418
-0.28212
-1.02719
-0.36483
-1.20998
-0.17619
-0.18321
-0.28091
-0.59043
-0.15710
-0.65978
-1.16649
-0.53914
-1.20798
0.00489
-0.04941
-0.34614
-0.66488
-0.46004
-0.70786
-1.19328
-0.41082
-1.05751
-0.23124
-1.18764
-0.36945
-0.67705
-0.09518
-0.62302
-1.13227
-0.14507
-0.95327
-0.32569
-0.20727
-0.77417
-0.55364
-0.54345
-0.48703
-0.68252
-0.29525
-0.60370
0.21644
-0.63786
-0.93477
-1.11831
-0.41935
0.09900
-0.84853
-0.35116
-0.28294
-0.57627
-0.88056
-0.59964
-1.03993
0.35044
0.62579
-1.13776
-0.64741
-0.73331
-0.36512
-0.08415
-0.95850
-0.69700
0.21590
-0.87446
-0.02322
-1.01788
-0.68927
-0.78409
-0.85099
-0.08858
-0.89686
-0.65124
-0.66158
-0.27078
-0.28736
-0.94182
0.07929
-0.79377
-0.59077
-0.79249
-0.24607
-0.60468
-0.37666
-0.78177
-1.09854
-0.47839
-0.18874
-0.72796
-0.17672
-0.60239
-0.62361
-0.90365
-1.10916
-0.02802
0.28112
-1.10509
0.06914
-0.81346
-0.20144
-1.05088
-0.89783
-0.00069
-0.12605
-0.16806
-1.05707
-0.33199
-1.16375
-0.61581
-0.68913
-1.02818
-0.78964
-0.83801
-0.96334
-1.19247
-0.65935
-0.11035
-0.96021
-0.69384
-0.60796
-1.15783
-0.47213
-0.75582
0.09342
-0.06069
-0.36072
-0.93045
-0.48202
-1.08347
-1.11954
-0.98376
-0.19225
-0.87443
-0.57594
-0.73889
-0.46978
-0.40388
-0.46568
0.00300
-1.16401
-0.83462
-0.51288
-0.59203
-1.02253
-0.21684
-1.15525
0.29556
-1.18704
0.24091
-0.74576
-0.50057
-0.32935
-0.08194
-1.06896
-0.55538
-0.62208
-1.16633
-1.06980
0.27193
0.17937
-0.42796
-0.89084
-0.30950
-0.23362
-0.73300
-0.85582
0.21411
-0.45498
-0.93798
-0.47113
-0.21575
-0.00414
-0.78199
0.15892
-0.42248
-1.09485
-0.00777
-1.12232
-1.15537
-0.29145
-0.32509
-0.61348
-1.20747
-0.49296
-1.11647
-0.99766
-1.06039
-0.36853
-0.55348
-1.14833
-0.14960
-0.63426
-0.82735
-0.49589
-1.17343
-0.27906
-0.58925
-0.88110
0.31912
-0.76671
-0.48080
-0.49223
-0.84038
-1.08932
0.08552
-1.21417
0.16459
-0.65923
-0.77512
-0.25777
-1.21353
-0.59201
-0.71235
-0.47557
-1.20883
0.16495
-0.99749
-0.60589
-0.18343
-0.88975
-0.10874
-0.33209
-0.18507
-0.50834
-1.08971
-0.93674
-0.69654
-0.64434
-0.19939
0.51192
-0.89650
-0.78144
-0.56263
0.39664
-0.58805
-0.77974
0.40837
-1.18862
0.10839
-0.81785
-0.85053
-0.16292
-0.62311
-0.56265
-0.68788
-1.13287
-0.38705
-0.98123
-0.21324
-0.24034
-0.79408
-0.52988
0.03062
-0.64927
-0.93351
-1.07710
-0.49921
-0.48684
-0.79704
-0.55127
-0.72184
-1.18096
-0.49489
0.28741
