-1.13592
-0.86470
-0.44897
-0.85483
-1.20683
-0.32895
-0.83621
-1.20666
-1.18629
-1.20060
-0.54708
-1.16997
-0.41266
-1.09969
-1.20041
-1.05418
-0.02574
-0.82835
-1.06708
-1.09135
-0.52410
-0.90349
-1.18770
-1.15243
-1.06917
-1.20630
-0.91304
-1.20488
-0.98784
-0.87247
-1.08085
-0.68037
-0.87144
-0.76568
-1.07949
-0.84386
-1.20012
-0.93902
-1.07215
-0.89704
-1.15798
-0.89136
-1.15819
-1.06085
-1.15656
-1.03640
-0.89191
-1.01216
-1.15874
-0.98374
-0.87333
-1.19025
-0.88068
-0.24134
-0.58231
0.09853
-0.80235
-1.13997
-1.10128
0.01478
-0.99491
-0.90642
-0.29990
-0.88838
-1.16737
-1.18704
-0.80496
-0.97938
-0.33007
-1.09245
-1.18909
-0.58150
-1.07677
-1.08420
-0.42092
-1.00476
-0.65236
-0.92374
-1.06737
-0.89315
-1.13632
-1.05939
-1.00850
-0.81896
-1.17008
-0.47059
-0.69943
-0.89367
-0.64781
-0.72219
-1.20307
-0.72664
-0.46083
-0.60082
-1.09104
-0.40700
-0.63495
-0.66214
-0.58523
-0.89055
-1.12602
-0.46823
-0.85602
-0.94486
-1.05898
-0.86899
-1.05228
-1.17674
-0.99392
-0.89994
-1.16008
-1.11703
-0.55019
-1.02047
-0.85147
-1.02004
-1.04899
-0.73702
-0.83326
-0.81609
-0.95364
-1.04837
-1.19029
-0.92165
-1.13541
-0.16680
-1.19968
-1.16375
-1.19921
-0.66394
0.02588
-1.09952
-1.12799
-0.89704
-0.77713
-0.90128
-0.60152
-1.04291
-1.04071
-1.01078
-0.88568
0.32467
-0.06771
-0.61778
-1.01850
-1.02772
-0.36316
-0.85134
-1.02544
-1.20363
-0.51553
-1.19525
-1.01922
-0.07047
-1.01307
-0.50666
-0.67574
-0.45252
-0.96380
-0.78437
-0.95186
-0.73183
-1.10791
-0.66063
-0.93149
-0.20615
-1.16235
-0.40103
-1.02318
-0.46016
-1.17900
-0.98515
-0.44074
-0.96373
-1.18036
-1.09388
-0.75735
-0.99848
