-1.08866
0.43481
-0.40199
0.27521
-0.84225
-0.21050
-0.96420
-0.92516
-1.01848
-0.98417
-0.77515
-0.19448
-0.21626
-0.61466
-0.74015
-0.58417
-0.84680
-0.44412
-0.04435
-0.92478
-0.78291
0.40725
-0.80168
-0.61756
-1.00722
-0.49307
-0.17041
-0.73310
-0.52735
-0.68070
-0.64619
-0.20200
0.53784
-1.03640
-0.03327
-0.81666
0.29507
-0.48083
-0.93227
0.11888
-1.09244
0.21476
-0.02611
-1.06113
-0.58964
-0.31827
-0.20805
-0.94084
-0.47142
-0.50420
-0.88097
-0.51327
-0.24534
-0.47412
-0.65896
0.42991
-1.02253
-0.75377
0.34463
0.14970
-0.10429
-0.93700
-1.04788
-0.17998
-0.93060
-1.04486
0.36237
-0.80531
-0.74174
-0.72077
0.42375
-0.05068
-1.11072
-0.49205
-0.47903
0.05559
-0.97260
-0.23522
-0.66441
-1.15884
0.03929
-0.74946
1.16917
0.16360
-1.09640
-1.09845
-0.44670
0.67721
-0.86323
-0.88184
-0.36687
-0.73547
-0.00854
-0.74071
-0.34265
0.59918
-0.76113
-0.39381
-0.56806
-0.47720
-0.60698
-0.61342
-0.36970
-0.85262
-0.73346
-0.56506
0.16192
-0.97530
-0.23135
-0.84774
0.11087
0.03327
-0.81010
-0.55052
-0.80972
-0.30717
-0.23416
-0.79679
-0.99542
-0.46044
-0.35385
-0.52595
-1.13420
0.53383
-1.01198
0.21017
-0.59347
-0.45433
-0.08744
-0.53801
-0.88881
1.07507
-0.89712
-0.18516
-0.55273
-0.67916
-0.58149
-0.29470
0.18468
-0.71537
-0.34272
-0.89435
-0.36031
-0.93542
-0.73637
0.17780
-0.29440
-0.74051
-0.23295
-1.10724
-0.66841
-0.76154
-0.27165
-0.58748
-0.35952
-0.67523
-0.40209
-0.27316
-0.31124
-0.92002
0.08143
-0.67305
-0.63298
-0.90093
-0.22014
-0.66041
-0.80578
-0.51068
-0.71696
0.11576
-0.87821
0.32018
-0.82146
-0.40909
-1.11471
-0.93339
-0.16893
-1.06411
1.54124
-0.41121
-0.69592
-1.15707
-0.72871
-0.28646
0.08072
-1.18407
0.46738
-0.91659
-0.10315
-0.34321
-0.78600
-0.31364
-0.71910
-0.21735
-0.45337
-0.78213
-0.89276
-0.12739
-0.44811
-0.15961
-0.89831
-0.72854
-0.35788
-0.18677
-0.53296
0.32963
-0.32954
-0.63056
-0.03327
-0.44823
-0.80985
0.31349
-0.92830
-0.23786
-0.39206
-1.01988
0.04275
-0.33303
-0.51663
-0.48391
-0.68696
-0.29209
-0.22194
-0.78041
0.46335
-0.94619
-0.00146
-0.99923
-0.30763
-0.53487
-0.15643
-0.22965
-1.02541
-0.28121
-0.53983
-0.33465
-0.23934
0.00295
-0.53937
-1.00035
0.00884
0.14907
-0.29836
-0.60138
-0.26584
-0.87669
-0.87966
0.40257
-0.59679
-0.90148
-0.34527
-0.69112
-0.65506
-0.79495
-0.83364
-0.78252
-0.91343
-0.72889
-1.02844
-0.62133
-0.37280
-0.37916
-0.88443
-0.34865
-0.15834
-0.66133
0.01694
-0.74924
-0.51623
-0.79384
-0.94324
0.28263
0.22335
-0.96639
-0.19082
-0.14600
-0.52304
-0.74490
-0.77088
0.04591
-0.68662
0.20251
-1.03938
-0.64796
-0.90179
0.09863
-0.48994
-0.36592
-0.73561
-1.12662
0.70305
-0.54340
-0.97828
-0.32663
-0.67182
-0.59336
-1.05397
-0.51639
-0.61835
-0.96463
0.36208
-0.99456
-0.22348
-0.75780
0.10905
-0.88947
-0.78174
-0.77656
0.08861
-0.80722
-1.02331
-0.04766
-0.08021
-0.85426
-0.80097
0.11136
-1.11493
-0.59332
0.21807
-0.58833
-0.97012
-0.01894
-0.92523
-0.14631
-0.93254
-0.65294
-0.27279
-0.75852
-0.03727
-0.76784
0.73670
-0.90483
-0.73907
-0.17853
-0.33122
-0.05951
-0.96973
-0.33945
-1.05134
-0.17969
-0.51667
-0.78859
-0.39003
-0.76675
0.01824
-0.92395
0.01494
-0.95746
-0.23598
-0.92497
-0.53623
-1.18427
0.24461
-0.84947
-0.09329
-0.61097
-0.32625
-0.50903
-0.84018
-0.32765
-0.56723
-0.70193
-0.70128
-0.10531
-0.26332
-0.77653
-0.83209
-0.08267
-0.82029
-0.54436
0.29772
-0.69549
-0.69254
0.14806
-0.98349
-0.88620
0.06651
-0.71771
-0.29677
-0.80105
-0.65623
-1.00981
-0.02384
-0.38949
-0.76131
-0.44090
-0.66137
-0.70207
-0.76500
0.79426
0.81578
-1.06822
-0.60743
-1.01572
0.90011
0.12824
-1.01497
-0.61687
-0.71492
0.16149
-0.89964
0.48561
-1.20467
-0.87732
1.20959
-0.85177
-0.11374
-0.72455
-1.01997
-0.07956
-0.60656
-0.81749
-0.52201
0.86685
-0.72710
-0.65300
0.06078
-0.44046
-0.76930
-0.37045
-0.99263
0.16809
-0.10773
-0.55614
-0.80310
-0.83376
0.11825
-0.19495
-1.17901
1.23062
-0.71576
-0.80160
-0.76535
0.24097
-0.89041
-0.15047
-0.76787
-0.31965
-1.15596
-0.50086
0.09976
-0.78501
-0.81516
-0.94086
-0.24905
0.00750
-1.08588
-0.13078
-0.58276
-0.91403
-0.66116
-1.06939
-0.78508
-0.68034
-0.19956
-0.48433
-1.03326
-0.51273
-0.76512
-0.51149
-1.00293
-0.56446
-0.60748
-0.92841
-0.65520
-0.66650
-0.24292
-0.72552
-0.16446
-0.61490
-0.47012
-0.20788
-0.74571
-0.77149
-0.54049
-1.08139
0.86967
-0.72220
-0.48104
-0.32245
-0.68626
-0.48080
-0.61359
-0.88148
-1.14328
0.65396
-0.34391
-0.46793
-1.09079
-0.01165
-1.04581
-0.25449
0.10645
-0.26591
-1.18297
-0.98330
-0.69878
-0.48844
-0.81820
-0.80041
-0.33552
0.13142
-0.61612
-0.27017
-0.90149
-0.57200
-0.35628
-1.01245
-0.32605
-0.98450
-0.27692
-0.17529
-0.44835
-0.24890
-0.38791
-0.50193
-1.16549
-0.58396
-0.68244
-0.70961
0.75776
-0.67963
-0.48785
-0.58054
1.10003
-1.13617
-0.75554
-0.54800
-1.12151
-0.69621
-0.96336
-0.08026
-0.61215
-0.49820
-0.12450
-0.58880
0.53208
-0.90088
-0.83567
0.26643
-0.86465
-0.98970
-0.53569
-0.36465
-0.36192
-0.21593
-0.03990
-1.02906
-0.97334
-0.39837
-0.20418
-0.62912
-0.94788
-0.12403
-1.16259
0.35533
-0.62287
-0.79258
-0.99507
-0.70539
0.02304
0.70932
-1.16530
-0.30073
-0.78450
-0.01657
-0.70882
-0.74331
-0.45859
-0.34995
-0.65013
-0.97842
1.01391
-0.45541
-0.30180
-0.68582
0.18533
-0.38713
-0.43612
-0.51696
-0.66299
-0.57318
0.41934
-0.30262
-0.63730
-0.74650
-0.93591
-0.66440
-0.81961
-0.37322
-0.71971
-0.39106
-0.62563
-0.46192
-0.57329
-0.55546
0.09105
-0.21068
-0.49515
-0.20253
-0.28036
-0.44843
-0.86896
0.20486
-0.70523
0.49725
-1.00660
-0.31249
-0.90566
-0.79258
-0.86029
0.09048
-0.73692
-0.87811
-0.24262
-0.89714
-0.97518
-0.68069
0.13437
-0.96318
-0.35033
-0.25391
-0.71043
-0.51051
-0.28067
-0.08161
-0.67182
-0.30656
-0.64556
-0.46965
-0.16259
-0.91445
0.10869
-0.58886
-0.78878
-0.05097
-0.48406
-1.01396
-0.40469
-0.84941
-0.62963
-0.19451
-0.70394
-0.64963
-0.72703
-0.11441
-0.25341
-0.16616
-0.56826
-0.50914
-0.84522
-0.48520
-0.52764
-0.78304
-0.14751
-0.05212
-0.47919
-0.93690
-0.28239
-0.75258
-1.05909
-0.52342
-0.94318
-0.60023
-0.65616
-0.25877
-0.26480
0.72152
-0.87882
-0.14534
-0.42436
-0.68552
-0.51839
0.67398
-0.52954
0.49872
-0.87031
-0.91849
-0.99015
-0.60359
-0.49442
-0.77024
-0.71860
-0.60077
-0.56065
-0.22515
-0.83262
-0.17771
-0.13057
-1.04683
-0.93753
0.21718
0.89591
-1.03570
-0.60703
-0.58207
-0.45329
-0.33174
-0.70122
-0.56584
-1.13671
-0.76117
-0.69657
-0.95188
-0.39936
-0.24045
-0.93897
0.61536
-0.89934
-0.04756
-0.61972
-0.96469
-0.65097
-0.34465
-0.73906
-1.09737
-0.52251
0.22681
-0.84717
-0.79972
-0.16375
-0.79880
-0.93365
-0.29665
-0.84491
-0.96930
0.06289
-0.49673
-0.76028
-0.41966
-0.60733
-0.55938
-0.79834
-1.20022
-0.02550
0.26505
-0.55420
-0.85709
-0.52095
-0.80181
-0.90296
-0.88174
-1.04900
0.23286
-0.95484
-0.33197
-1.05929
-0.65097
-0.35891
-0.64432
-0.45095
-0.60299
-0.57092
-0.29881
-0.18231
-0.72371
-0.97481
-0.65423
-0.65714
-0.06572
-0.69508
-0.63825
-1.01903
0.24529
-0.86357
-0.65408
-0.10552
-1.02720
0.64238
-0.84403
-0.53476
-0.49422
-0.11844
-0.53665
-0.08745
-0.86563
-0.89044
-0.44719
-0.04527
-0.96493
-0.98739
-0.43622
-0.74640
-0.89882
-0.55470
0.45684
-0.60990
-0.80128
-0.69323
0.78412
-0.86324
0.41319
-1.10350
-0.54965
-0.67825
-0.71796
-0.45390
0.08685
-0.66685
-0.67697
-0.78675
-0.30448
-1.01367
-0.73201
-1.13784
-0.75968
-0.51395
-0.17918
-0.92331
-0.49221
-0.78026
-0.72862
-1.00314
-0.21406
-0.63202
0.50340
-0.84727
-1.12640
-0.09498
-0.82979
-0.79803
-0.52872
