0.27191
2.61032
0.97435
1.15960
1.70753
0.21783
-0.81971
-0.09887
1.11515
1.96185
0.48891
0.46061
0.03104
0.12460
0.47754
1.02438
1.00408
0.97786
0.24340
-0.67743
0.08519
0.63188
-0.71337
-0.60373
-0.29684
0.87448
0.73409
1.70532
2.13512
0.23800
0.53249
0.62537
-0.16256
0.27610
2.09954
2.34294
0.58586
1.11577
0.71854
1.17145
1.00291
2.22734
-0.23292
1.56655
1.83094
0.29870
2.48315
1.22545
0.01270
1.91928
0.03374
0.44613
-0.12132
-0.31020
0.64537
0.87069
1.13530
2.05643
1.22346
1.74670
2.52151
1.15944
0.13188
0.38430
-0.64615
-0.39015
0.87064
0.23923
-0.39255
-0.25710
0.82601
1.06879
1.11601
0.08746
-0.44735
-0.03266
1.42016
-0.49812
0.79194
0.29046
1.36554
1.39358
0.72436
2.03554
2.46578
0.82410
0.02756
1.31216
1.12165
1.07468
1.39379
1.02849
1.24577
-0.00863
-0.00057
0.26815
0.33785
3.12655
1.63709
-0.79815
0.98611
-0.18655
-0.94396
0.09407
0.47409
-0.48560
-0.35063
0.09876
-0.26298
-0.06136
0.06824
0.66060
1.32853
-0.15712
0.68355
-0.46750
0.27103
0.63256
0.27212
-0.90492
0.97641
1.18554
1.25526
0.50804
2.95728
-0.16673
1.85034
1.60318
0.93840
-0.49156
0.72709
0.81741
1.85435
0.55793
2.35379
1.47082
1.21212
0.51884
0.23042
0.00494
2.53121
-0.09707
1.98730
1.01110
1.49462
0.86493
1.05856
0.47017
1.06887
0.58424
0.84474
0.24337
0.32036
0.60127
-0.11799
2.71582
0.63635
0.76719
0.25878
-0.49885
1.82969
0.32340
1.59453
-0.07548
0.21856
-0.62514
-0.18692
-0.14138
1.12631
1.63044
0.96725
3.57588
0.87915
0.44364
0.31735
-0.18338
-0.75620
2.00974
1.71315
-1.15435
0.24365
0.39946
0.78368
-0.74623
0.02754
0.79522
0.49337
-0.52237
1.00333
1.14398
-0.73817
-0.08275
-0.42381
0.73250
1.19945
0.52847
1.29551
1.23688
-0.00493
0.60707
