-1.20749
-1.02392
-1.05897
-1.03939
-0.86144
-1.09395
-1.18437
-0.98674
-0.71566
-1.12037
-1.20946
-1.13756
-1.20716
-1.11489
-0.73213
0.07304
-0.89705
-1.17876
-1.20735
-0.76141
-0.93675
-0.68793
-1.12090
-0.93688
-1.14948
0.43019
-1.02003
-1.08786
-0.96305
-1.09971
-1.16711
-0.71216
-0.44411
-0.73290
-0.54133
-1.15179
-1.08791
-1.17598
-1.12697
-0.89002
-1.19196
-0.86900
-0.38737
-0.92159
-1.17098
-0.93500
-1.03050
-1.18683
-0.67825
-1.16222
-1.11791
-1.14548
-0.48393
-1.19787
-0.99887
-0.31382
-0.39269
-0.81013
-0.46951
-1.08642
-0.03780
-1.00175
-1.20509
-1.16731
-1.20626
-0.95094
-1.09830
-1.08708
-1.20953
-0.05105
-1.20744
-1.08197
-0.60242
-0.67420
-0.26229
-1.16831
-0.88759
-1.04025
-0.69635
-1.20849
-1.19346
-1.19772
-1.10432
-1.05611
0.46478
-0.90370
-1.15232
-0.69292
-1.19209
-1.18826
-0.84229
-0.95459
-1.17434
-0.89623
-0.04613
-1.01476
-0.88712
-1.14868
-1.20947
-1.14556
-0.89314
-0.63873
-1.20955
-0.67537
-0.91257
-1.07829
-0.62771
-1.17984
-0.91614
-1.09655
-1.15204
-1.01789
-0.75260
-0.99212
-0.63532
-0.74621
-0.71977
-0.66548
-0.97363
-1.00517
-0.83901
-0.93097
-1.15689
-0.48023
-1.14041
-1.14044
-0.99684
-0.87485
-0.75338
-1.18942
-1.00812
-1.16567
-0.98447
-0.43022
-0.25348
-0.95039
-1.03538
-1.19340
-1.20948
1.35646
-1.10469
-0.96759
-0.98500
-1.08899
-1.12895
-1.01356
-0.33347
-1.13255
-1.05556
-0.28571
-0.77843
-1.20406
-1.14452
-1.10730
-1.18851
-1.13365
-0.17487
-0.82834
-1.19921
-1.20737
-1.12433
-0.15592
-1.18032
-0.61572
-1.14734
-1.11805
-0.84739
5.62252
-1.20404
-0.80816
-1.00062
-1.18129
-1.20629
-1.15921
-1.10120
-0.70603
-0.67835
-0.69497
-1.20662
-1.20924
-0.92547
-1.19526
-0.73788
-0.69511
-0.62717
0.12729
