0.28908
1.37378
-0.47941
1.86425
0.98023
-1.15875
0.32916
0.89410
0.48408
0.74095
0.32536
0.71519
0.78375
0.58151
0.41539
0.27210
2.15822
0.65816
1.04552
0.79893
-0.50211
1.92443
1.24428
1.09781
0.89639
-0.53239
-0.84823
1.34729
2.42077
1.24669
1.06760
-0.58291
-0.02018
-0.93493
6.50140
1.94796
1.85770
0.06438
0.93996
0.32009
1.09135
0.74336
4.23951
-0.82059
1.69938
1.44111
2.91416
1.12743
0.99664
0.97692
0.76644
1.42163
0.52923
1.02115
1.26149
2.06543
1.28249
3.20566
-0.38855
1.00027
-0.00648
1.47094
2.19428
1.08801
1.53853
-0.16913
1.65313
-0.06326
0.54515
0.39579
0.00297
0.43802
1.56606
1.51230
0.70438
2.07338
-0.05968
3.01440
1.61813
3.68951
0.83204
0.49190
1.39937
0.28332
0.34298
0.09558
0.31652
2.48600
1.05113
3.53354
1.60344
1.22142
3.38902
-1.20442
-0.65304
0.27088
2.18883
2.61021
0.48416
2.53783
0.37458
0.34897
1.25558
1.67943
-0.20296
0.53187
2.26876
1.04453
0.14843
1.31778
0.59245
0.69355
0.17604
0.63609
0.08042
0.74790
-0.34423
1.04343
-0.68127
1.10904
2.11708
1.09044
-0.72267
-0.07368
-0.28573
2.42703
0.30803
0.71298
1.50385
1.97901
2.09750
-1.00358
0.22094
1.01195
1.04247
1.04587
-0.89068
0.76222
1.19833
0.36679
-0.84301
-0.60950
1.63277
3.69323
-0.06995
-0.61253
2.21629
-0.84316
1.42600
2.37717
-0.30429
0.70233
-0.17744
0.44086
0.66540
0.21877
0.47651
2.10938
-0.68737
-0.10141
-0.26500
-0.22082
-0.25686
-0.22620
0.74220
0.25199
2.25303
-0.41649
-1.16485
0.94606
2.40330
2.88882
2.34315
0.45371
0.46203
-0.37380
1.12028
2.32225
0.20713
2.18719
0.29633
3.96598
0.46508
0.60188
0.80004
1.94739
1.68254
