0.20625
-1.20749
1.97266
-0.48273
-0.09136
-0.86195
0.64098
-1.02696
-0.91337
-0.99208
-1.02392
-0.48796
-0.55434
-0.75716
-1.14858
0.51965
-0.39974
-1.05897
0.70155
-1.12706
-1.03939
-0.97540
-0.17539
0.34892
-0.36968
-0.57435
-1.19682
-0.86144
-1.16656
6.50140
1.78551
-1.09395
0.01031
0.67701
-0.91788
-0.25836
-0.25271
-1.18437
-0.82873
-0.64028
-0.24091
-0.19172
-0.28982
-0.64379
-0.80660
-0.47933
0.06191
-1.20955
-0.98674
-0.90456
-0.71566
-0.08378
-0.54380
-0.67944
0.13470
-0.71798
0.05587
-1.12037
-1.20946
1.20962
-1.05579
0.43823
0.72749
-0.93787
-1.15212
-1.20252
0.37468
-1.13756
-1.20716
-0.15775
-1.00482
4.61033
2.10743
-0.44226
-1.01286
-0.20761
-0.97747
-0.69415
-0.63493
-1.11489
0.59361
-0.86248
-0.77697
0.53215
-1.13639
-0.90702
-0.73213
0.07304
0.14359
-0.12033
-1.17494
-0.28723
0.66825
-0.84195
0.32263
-1.03302
-0.89705
-0.80740
-0.78376
-1.17876
-0.02952
-0.45611
-0.30561
-0.84900
-0.58447
0.30354
-0.17463
0.16908
-1.20735
-0.76141
-1.17709
3.93425
-0.71669
0.58196
-0.93675
-1.01085
-0.98021
0.66183
-0.68793
-0.88896
-1.20462
-0.65655
-0.21041
0.39086
-0.75051
-0.62385
-1.12090
-0.60860
-0.83459
-0.45800
-0.93688
-0.47238
-0.77965
0.11356
-0.00898
-1.04825
-0.68620
-1.14948
0.43019
0.21353
-1.19777
0.06176
-0.54459
-0.12377
-0.02286
-0.34270
-0.88799
-0.42565
-1.00049
-0.77003
-1.02003
-0.94398
-1.08786
0.34120
-0.95059
-0.05960
-0.96305
-0.81927
-0.31417
-0.20094
-0.25509
0.64054
-0.80894
0.07009
-0.85147
-0.74069
0.48592
-1.05834
-0.13246
-1.09971
-1.16711
-0.17012
-0.71216
0.90270
-0.25645
-0.39536
-0.44411
-0.06378
0.35246
-1.19500
1.56272
-0.73290
1.25694
-1.12983
-1.20925
-0.54133
-1.02577
-0.75399
-1.02449
-0.20422
-1.15179
-1.15373
0.53551
-0.05123
-0.56533
0.00989
-1.15901
-1.08791
-0.62448
0.85302
-1.17598
-0.82333
1.93686
-1.12697
-1.17241
-0.32245
-0.63940
0.15461
-0.56762
-0.90194
0.44501
-0.82417
-0.82405
-0.70275
-0.89002
-0.33323
1.94173
-1.14729
-0.79170
-0.58651
-1.19196
1.31209
-0.76405
-0.79561
-0.41619
-0.86900
0.58844
-0.65145
-0.52577
-0.38737
3.30935
-0.92159
-0.33064
-1.09271
0.07314
-1.17098
-1.15634
-0.71120
0.52916
0.46748
0.08367
-1.12590
0.39318
0.32821
-1.07037
-0.23420
-0.93500
-1.03050
-0.70442
0.44440
-0.66320
-0.82085
-1.18427
0.72525
-1.18683
0.43263
-0.47336
-0.00722
-0.77137
-0.44622
-0.67825
-0.35784
-0.46714
-1.16222
0.17188
-0.75740
-0.76127
2.80530
-1.05805
-1.11791
-1.11890
1.06919
-0.45269
-0.60667
-0.44081
-1.14548
-0.40274
0.64369
-0.08679
0.12170
-0.48393
-1.19787
-0.87082
0.09671
-0.57945
-0.29477
-0.56566
-0.86498
-1.04938
-0.99887
-0.46060
-0.60642
-0.12783
-0.89040
-0.31382
-1.06434
0.13614
0.94893
-0.41018
-0.79244
-0.33569
-1.15489
0.24340
2.04899
-0.61308
-1.00276
-0.80206
-1.16759
-0.39269
-0.81724
-0.81013
0.23156
-0.79044
-0.46951
-1.14870
0.10912
0.76610
-0.70814
0.25874
0.33602
-0.75879
-0.60196
-0.60951
-0.54079
-0.42003
0.05257
-0.98783
-0.36188
-1.08642
-0.03780
-1.00175
-1.20509
-0.57191
-0.90659
0.04803
-0.56159
-0.68402
0.61002
-0.91893
-0.28134
-1.07495
-1.09579
-0.80399
-0.35166
-0.22931
-0.79411
-1.02966
-1.16731
-0.57238
-0.44122
-1.20626
0.15480
-0.57804
-0.85707
-0.68213
0.93981
-0.95094
-1.09830
-0.81318
1.29237
-0.76468
0.13422
-1.08708
-1.04704
1.38692
-1.20953
0.15799
-0.66105
0.33796
-0.22461
-0.89602
-0.35092
0.33369
0.72881
-0.71736
-1.10831
-0.77358
0.63069
-0.05105
0.23050
-0.12308
-1.20744
-1.19494
6.50140
-1.08197
-1.16917
0.07034
-0.28330
-0.27354
-0.61276
-0.77870
-0.52757
-0.90491
-0.60242
-0.64283
0.59854
-0.50183
-0.62180
-0.52540
-0.67420
-0.47691
-0.38604
-1.00792
-0.26229
-0.11494
-0.05947
-0.37192
-1.16831
-0.51250
0.08286
0.96570
-0.73007
-0.55741
-0.92069
-0.27114
-0.89481
-1.05936
-0.44210
-0.88759
-1.04025
1.18565
-0.57036
0.18085
-1.08346
-0.69635
0.09318
-0.71339
0.09345
6.50140
-1.20849
-1.13903
-0.50438
-0.72344
-1.19346
0.05659
-1.17610
-0.61227
0.86899
-1.19772
-0.22404
-0.65085
-1.02786
-0.21504
0.62900
-1.04812
-0.93612
-1.10432
0.56262
-1.05611
-0.74852
-0.59154
0.33660
0.05484
-0.89298
-1.02421
-0.36549
-0.08215
-0.99117
0.46478
-0.90370
-0.37397
-0.47110
-1.07339
-0.83799
-1.02309
5.93078
1.13683
-1.15232
0.38128
-0.01464
-0.69292
0.87085
-1.19209
-0.56401
0.60569
-1.18826
-0.86280
-0.36536
-0.50591
1.25719
0.37415
-0.84340
-0.52900
-0.69223
-0.72461
-0.84229
-0.90332
0.08758
-0.42791
-1.17233
1.19292
-0.36729
-0.84808
-0.57633
-0.95459
-0.99606
-1.11152
-0.90500
3.80639
-1.17434
0.08640
-0.30273
-0.43226
-0.32267
-0.90441
-0.92891
1.42356
1.92466
-0.89623
-0.04613
-1.01476
-0.88712
0.20829
-0.68214
-0.36575
-0.16963
-0.18420
-0.83309
2.35229
-1.01634
-1.14868
-0.46530
0.25029
-0.71104
-0.99297
-0.06006
-0.10763
-1.13888
-1.11490
1.44790
-1.20947
-0.64743
-0.77509
-1.14556
-0.16466
-1.11023
-0.92264
0.12071
0.27857
0.45125
-1.08661
0.15925
-1.00056
-0.87645
0.02820
-0.81946
1.70807
-0.72947
-0.82379
-0.89314
-0.63873
0.52621
-1.19110
0.77139
-1.20955
-1.07901
-0.27303
-0.67537
-0.69920
0.75904
-0.91257
-0.44922
0.34541
-0.02216
0.06668
-0.72184
-0.40882
-1.20542
-0.68929
-1.07829
2.10038
-0.75566
-0.85504
-0.66536
-0.61973
-0.62771
-0.07342
-1.11859
-1.17984
-0.70967
-1.12747
-0.12331
0.71699
0.40567
-0.90703
-0.91614
-1.09655
-0.59138
0.92009
0.08708
1.62383
-0.98889
-1.10900
-1.15204
2.75126
-0.73091
-1.12422
-0.50645
-1.01789
-0.84629
0.79836
-0.73327
0.74016
-0.70232
-0.54329
-0.32850
-1.04246
-0.75260
-0.99212
-0.93442
0.03235
-0.62433
-0.75999
-0.63532
-1.15547
0.10650
-0.94697
-0.77629
-0.74621
0.47112
-1.13773
0.53912
-0.50981
-1.07458
4.15448
-0.23338
-0.71977
-1.03731
-0.66902
-0.77079
-0.66548
-0.68773
-0.34886
0.86353
-0.97363
0.84062
-1.11253
-0.08166
-0.13578
-0.41880
-1.00517
-0.83901
-0.60241
-0.89629
-0.82837
-0.93097
1.71494
0.04489
-0.44557
-0.53796
-1.11874
-0.74774
-0.75388
0.57442
-0.52680
-0.42075
-1.15689
-0.48023
-0.17946
-0.19960
-1.14041
-1.01430
0.36774
-0.98307
0.03916
0.43746
-1.01724
-0.26700
-1.20887
-1.14044
-0.09270
-1.12787
-0.99684
-1.11133
-0.34256
-0.87485
-0.28849
-0.83563
-0.63778
0.11743
-0.68477
-0.75338
-1.11202
-0.17732
-1.03086
-1.07855
-1.18942
0.01563
0.11260
-0.66285
-0.58228
-1.00812
-0.95999
1.69599
-0.36202
-1.01599
-1.19722
4.54972
-0.53860
0.37807
0.02817
-1.16567
-0.98447
0.16622
-1.04694
-1.18880
2.33280
-0.70288
1.03961
-0.66533
-1.02025
-0.92481
-0.43022
-0.83673
-1.16458
0.29415
-0.34521
-0.81022
-0.99027
-0.25348
0.01915
-1.17859
-0.62876
-0.57596
-0.02294
-1.05066
0.49820
0.24641
2.68326
-0.95039
-1.03538
-1.19340
0.07722
-1.05652
-0.89328
-1.20948
-0.13881
0.83355
-0.44206
-1.01312
-0.24629
-0.76507
-1.20216
-0.61775
0.72076
-0.89715
1.35646
6.50140
-1.10469
-0.63634
0.07234
-0.55497
-0.57980
-0.80030
-0.53250
-0.71720
1.03379
1.16863
-0.21057
-0.82635
-0.96759
-0.98500
-0.20850
-0.67908
-1.08899
-0.51908
0.01181
-0.57816
-0.84442
0.80855
-1.12895
-0.70411
-0.86498
0.23335
-0.02597
-1.01356
-1.20584
-1.11204
1.04593
3.63886
-1.10114
-0.55548
-0.20721
-1.14386
-0.33347
-0.95366
0.45412
-1.13335
-1.13255
-0.71207
-0.93694
-0.51188
-0.29200
-0.34410
-1.15136
0.65572
-0.95602
-0.61899
-0.83696
-1.05556
-0.89800
-0.56428
0.34614
1.26348
-0.51021
-0.28571
-0.77843
-0.85537
0.22893
0.43778
-0.75990
-1.10049
-1.03430
-0.32341
-1.20406
0.02288
0.54656
-1.20527
-0.68348
-0.66861
1.18410
-1.14452
-0.74929
0.57999
-0.77641
-1.10730
-0.59869
-0.92354
-0.12004
1.11464
-1.18851
-0.74737
-1.13365
-0.94942
-0.50741
-0.80908
-0.05516
-0.02512
-0.49573
-0.30092
0.46646
-1.12740
-0.89922
-1.19662
-0.27221
-0.17487
-0.95626
-1.03479
-0.82834
1.68809
0.81644
-1.19921
-0.79074
-0.46902
0.94395
-1.19589
-0.58760
-1.20737
-0.31435
-0.83150
2.02183
-1.12433
-0.67828
0.01681
0.73915
-0.40610
0.24835
-0.74687
0.18133
-0.24131
-0.15592
-0.91852
-1.18032
-0.41793
-0.38300
-0.37105
-0.64248
-0.61572
-0.71616
0.07381
-0.69838
-0.32793
0.83535
-1.14734
-1.06965
-0.24401
0.84514
-1.11805
0.25664
-0.38190
-1.10702
-0.84739
5.62252
2.33117
-0.61835
-1.20063
-1.08078
-0.55494
-0.69097
-0.08347
-0.59087
-1.02833
-0.91549
0.89017
-0.14680
1.24721
-1.01221
-1.14375
-1.20404
-1.17644
-0.80816
-0.33577
-1.11306
0.12648
-1.00062
-0.55913
-0.41659
-0.99228
0.78040
0.21398
-0.94576
0.26485
-1.18129
-1.20629
-0.94165
6.50140
4.88048
-0.88790
-1.07233
-0.16914
-0.91163
-0.68387
-0.49296
-0.42833
-1.15921
-0.73845
0.64367
-1.08671
-0.25026
-1.10120
-0.24643
0.65260
0.08592
-0.44141
-0.70603
-0.66083
-1.17228
-0.68687
-0.67835
-0.97069
-0.28441
-0.69497
0.10622
-1.20662
0.14747
-0.57221
-0.84121
-0.37417
-0.54646
1.09084
-1.20924
-0.22470
-1.20948
-1.20718
-0.92547
-0.62979
-0.83433
4.42945
2.03054
-0.29216
-1.19526
-0.49243
-0.10111
-1.11824
1.36755
-0.73788
-0.58122
-0.09423
-0.43493
-1.12347
0.21451
1.37542
-1.20554
-0.69511
0.76588
-0.87330
-0.32927
-0.63537
0.16256
0.75876
-0.19046
-0.24409
-0.62717
-0.49664
-1.09866
-0.64598
-0.47353
0.12729
-0.37360
-1.12986
