-0.29514
-1.14820
-1.21694
-0.80905
-0.84279
-1.09610
-1.10364
-1.17073
-1.21547
-1.21654
-1.21466
-1.18571
-1.02580
-1.13519
-0.99258
-1.21719
-1.18951
-1.16018
-1.08163
-1.19568
-1.19956
-1.18087
-1.19078
-1.20953
-1.21630
-0.88425
-0.71326
-0.95793
-1.12092
-1.19788
-1.21635
-1.21704
-0.98497
-1.13160
-1.20767
-1.21003
-1.09474
-0.81755
-1.04878
-1.14471
-0.69724
-1.19300
-0.88387
0.30436
-1.20715
-1.05791
-1.14812
-1.21336
-1.12937
-1.09007
-1.15128
-1.20123
-1.00782
-1.03721
-0.64026
-0.82573
-0.87054
-0.60578
-1.20063
-0.98462
-1.19686
-1.18243
-1.19571
-1.15078
-0.75283
-1.19200
-1.19619
-1.07713
-1.16876
-1.21498
-1.02695
-1.05614
-1.15392
-0.91813
-1.07384
-1.20481
-1.07835
-1.08872
-1.09723
-1.05233
-1.12625
-1.19796
-1.21720
-0.96881
-1.02649
-0.96786
-1.12394
-1.13916
-1.08104
-0.95202
-1.17990
-1.18099
-0.68606
-0.89430
-0.04826
-1.19523
-1.21704
-0.97710
-1.16892
-0.33443
-0.22627
-0.63927
-1.21597
-0.84419
-0.67891
-0.82017
-1.04947
-0.71342
-1.21465
-1.21196
-1.19024
-0.93467
-1.19317
-0.69636
-1.09010
-1.11344
-1.20103
-0.60977
-1.21035
-1.05496
-1.20368
-1.18326
-0.65852
-1.14131
-1.02369
-0.29475
-0.65986
-0.79871
-0.93473
-0.61896
-1.17634
-0.21721
-0.78101
-0.96283
-0.63345
-1.15004
-1.03501
-1.06799
-1.20847
-1.21268
-1.19604
-0.93529
-1.17388
-0.79447
-1.03810
-1.06839
-1.17104
-1.21679
-1.21279
-0.90581
-1.00739
-1.20855
-0.94612
-1.19267
-1.12289
-1.21718
-1.21718
-1.07369
-1.18021
-1.15320
-1.21720
-0.31469
-0.49979
-1.14652
-0.04569
-1.08639
-0.52564
-0.22420
-0.52991
-1.20002
-0.72461
-1.01636
-1.18092
-0.96681
-1.03792
-0.88444
-0.53358
-0.83743
-1.21722
-0.88626
-1.17542
