-0.54795
-1.21522
-0.29514
-1.03644
-1.14820
-0.87090
-0.13740
-0.92940
-0.94692
-0.64044
-0.65106
-0.07290
-0.65448
-0.98403
-1.07869
-1.21694
-0.48765
-1.15537
0.28460
-0.96511
-0.80905
-0.91192
-0.34698
-0.43553
-0.49102
-0.04101
0.06075
-1.17628
-0.84279
-1.09610
-0.64849
-1.02685
-0.12698
0.36930
0.20011
-1.13286
-0.78215
-1.10364
-0.67225
-1.15783
-1.17073
-0.23523
-0.70437
-0.45853
-0.87081
-0.10198
-0.69654
-0.90291
-1.21547
-1.21654
-1.13172
-0.97766
-1.21466
-0.29671
-0.87447
-0.01850
0.03654
-1.21317
-0.61261
-1.18571
-1.02580
-0.76319
-1.13519
-0.66018
-0.77802
-0.67350
0.59029
-0.71497
-0.29891
-0.92066
-0.79717
-0.89255
-0.99258
-0.60805
-0.61445
-1.08212
-0.08452
-0.67773
0.06316
-0.70823
-0.23716
-0.47700
-1.11810
0.02265
-1.14240
-1.21719
-0.20806
-1.18951
-0.57818
-0.65301
-0.78523
-1.03759
-0.56842
1.36085
-0.31400
0.59177
-1.02311
-1.16018
-0.52602
-0.17771
-1.08163
-0.86071
-0.79620
0.09110
-0.93223
-0.35628
-1.19568
-0.71798
-0.69225
-0.37514
-0.85523
-0.63324
-1.19956
0.50730
-0.66053
-0.26512
-0.28108
-0.97493
-1.13208
-1.18087
-0.99950
-0.75376
-1.19078
-1.20953
0.10504
-0.82222
0.20172
-0.71785
-1.01600
0.41470
-0.04083
-0.93347
-0.29051
-0.76053
-1.16710
-1.21630
-0.16396
-0.44153
0.00645
-1.00842
-0.88425
-0.87746
-0.71326
-1.15403
-0.79598
-0.80493
0.25198
-0.28731
-0.91493
-0.62470
-1.10049
-0.95793
-1.03723
-0.24446
-0.34713
-0.33506
-1.09126
-0.86712
-0.10776
-1.11801
0.03650
-0.02112
0.08207
-0.94012
-0.69347
-1.12194
-0.56196
-0.88178
-1.12092
-1.19788
-0.01993
0.02587
0.02531
-0.62274
-0.47421
-0.25970
-1.21635
-1.21704
-0.25211
-0.72428
-0.85822
-1.20778
-0.98497
-0.62735
-1.03921
-0.43396
-0.80312
-0.27525
-0.77615
-1.13160
-1.20767
-0.82690
-0.46646
-0.92925
-0.54495
0.21419
0.29497
-1.21003
-0.85633
-0.35744
-1.09474
1.06686
-1.05089
0.12179
-0.52585
-0.70827
-0.42332
-0.79533
-0.95135
-0.81755
-0.93749
-0.75053
-0.72588
-1.04878
-0.09894
-0.56820
-0.80979
-0.87621
-0.87787
-0.61297
-1.14471
-0.97662
-0.68209
0.05854
-0.76474
-0.22318
-0.91883
-0.69724
-0.63677
-1.12430
-1.19300
-0.82897
-0.42099
1.07340
-0.78442
-0.93262
-0.11355
-0.41693
-0.25695
-0.84901
-0.96823
1.08378
-1.13014
0.49696
-0.88387
-1.18862
0.30436
-0.16139
-0.41556
-1.21675
-1.20715
-1.05791
-0.59973
-0.78037
-0.67755
-0.15850
-0.83869
-0.17316
-0.66872
-0.35714
-0.48506
-0.78856
-0.94557
-0.40649
-0.47501
-1.21453
-1.14812
-1.21336
-0.79136
-0.39032
-0.50115
-0.02928
-0.06487
-0.90248
-0.75042
-0.64560
-1.19126
-1.12937
-1.09007
-0.64919
-0.64948
-0.19245
0.12520
-0.69918
-0.34712
-1.15128
-0.97503
0.48620
-1.08604
-1.20123
-1.00782
-0.62156
-0.56051
-0.48523
-0.53587
-0.67324
-0.48760
-1.05062
-0.77794
-1.03721
-0.54550
-0.64026
-1.06032
-1.02856
-0.82573
-0.61590
-0.53417
0.16397
-1.09661
-0.08294
-0.93953
-0.87054
-0.44604
-0.54106
-0.73118
-0.63149
-1.04184
-0.60578
-1.08560
-1.15968
-1.20063
-0.69392
-0.98462
-0.75794
-0.80009
-0.95609
-0.86602
-0.05222
-0.20060
-1.16263
-1.19686
-0.45636
0.13672
-0.46458
-0.57977
-0.30063
-0.19118
-0.04462
-0.58771
-1.20314
-1.18243
-0.44870
-0.68421
-0.56071
-1.19571
-1.15078
-0.47929
-0.26000
-0.16029
-0.64203
-0.84046
-1.20395
-0.75283
0.04303
-0.61175
-0.49656
-0.99909
-1.19200
-0.73341
-0.30121
-1.19619
-0.72358
-0.94268
-1.07713
-0.68994
0.69865
-0.46806
-0.71319
-0.31070
-0.76695
-0.60884
-1.16876
-0.34217
-0.92375
-1.05060
-0.34151
0.39345
-1.19132
-1.21498
-1.14259
-1.02695
-0.05688
-1.01874
-1.05614
-0.97246
-0.06603
-1.03121
-0.75238
-1.00507
-0.05572
-1.15392
0.09159
-0.63642
-1.17688
-0.91813
-0.70233
-1.20998
-0.17337
-0.74104
0.22932
-0.68457
-0.41240
-0.42173
-0.85583
-1.07384
-0.74113
-0.23613
-0.83039
-0.42019
-0.59427
0.00724
-0.61728
-1.03556
-0.86523
-1.20481
-0.03610
-0.27371
-1.02335
-1.07835
-0.83893
-0.78613
0.82230
-1.02167
-1.20831
-1.08872
-0.19380
-1.04046
-1.00051
-1.09723
0.42807
-0.72498
-0.93853
-1.05233
-0.84126
-1.12625
-0.43603
-1.11170
-1.02137
1.13669
-0.48584
-0.67989
-0.44349
-0.07648
-1.19796
-0.00802
-0.87880
-0.92295
-1.21720
0.28560
-1.01512
-1.04225
-0.96881
-1.15809
-0.12554
-0.06787
-0.11372
-1.01976
-0.24086
0.20620
-0.30599
-1.04467
-0.91608
-0.18683
-0.00129
0.23489
-1.02649
-0.94704
-1.01772
-0.96786
-1.15985
-1.12394
-0.88611
0.20764
-0.77763
-0.43483
-0.59773
-0.83288
-0.98487
-0.59754
-1.13916
-1.12998
-0.35811
-1.08104
-0.17162
-0.66063
-0.80911
-0.55408
-0.95202
-0.92200
-0.97741
-0.78223
-1.17990
-0.43906
-1.18099
-0.52705
0.12430
-1.07342
-0.37841
-0.16282
-0.17705
-0.10009
-0.95574
-1.10757
-0.44388
-0.91484
-1.16760
-0.68606
-0.49254
-0.97045
-0.94931
-0.89430
-0.82610
-0.36664
-0.95452
1.04628
-0.99293
-0.91628
-1.13115
-0.04826
0.30712
-0.36514
-1.09850
-0.06224
-0.73440
-0.30024
-1.01597
-0.87269
0.01761
-1.19523
-0.37321
-1.21704
-0.70638
-0.67504
-0.57184
-0.76648
-0.97710
-1.02933
-1.16892
-0.08123
-1.13022
-0.05279
-0.13231
-0.88481
0.47276
-1.15829
-0.33443
-0.64594
-0.47429
-0.47557
-0.83147
-1.18477
-0.22627
-0.91704
-0.65119
-0.05346
-0.99307
-0.35391
-0.60989
-0.59493
-0.60768
0.80200
-0.88589
-0.66400
-0.99466
-0.63927
-0.61958
-1.04966
-0.29137
0.84202
-0.77159
-0.50605
-0.29491
-0.67468
-0.94845
-1.21597
-0.16820
-0.92510
-1.03273
-0.78830
-0.47363
-0.84419
-0.70965
-1.05468
-0.09998
-0.67891
-0.51251
-0.94746
0.08218
-0.79849
-0.84104
-0.82017
-0.30660
-1.04947
-0.21203
-0.98166
-0.72729
-0.86468
-0.71342
-0.71541
0.10384
-0.85337
-0.44012
-0.78898
0.01951
-0.89190
-1.21465
-0.52452
-1.06161
0.07645
-0.14374
-0.90248
-0.79336
-0.27150
-0.51461
-0.56338
-0.62181
-0.49802
-0.95983
-1.21196
-1.19024
-0.34418
-0.93467
-0.59205
-0.80943
-0.97910
-0.45416
-0.36862
-1.19317
-0.66068
0.01565
0.93972
-1.18820
-0.44812
-0.55599
-0.54741
-0.09735
-0.14570
-0.71921
-1.07773
-0.69636
-1.09010
-0.78913
-1.03549
-0.64142
-1.11344
-0.74043
-1.03072
-0.30089
-0.13011
-0.33283
0.47426
-1.07451
1.22067
-1.20607
-1.20103
0.03176
1.03699
-1.00341
-0.72970
-0.44973
-1.06846
-0.15710
0.83613
-0.97301
-1.03408
-0.60977
-0.77460
-0.79749
-1.21035
0.10017
-0.58101
0.87899
-1.15588
-0.61886
-0.67923
-0.48689
-1.05496
-1.20368
-0.19732
-0.92575
-1.03324
-0.40290
-1.18326
-1.00286
-0.65852
-0.15701
-0.43325
0.01689
0.18814
-0.94666
-0.84906
-0.81350
-0.48200
-1.14131
0.01520
0.06114
-0.75038
-0.72850
-0.01212
-0.70832
-0.73085
-1.08007
-0.96497
-0.96132
-1.02369
-0.84055
-0.29475
-1.08065
-0.85032
-0.26676
-0.47980
-0.48737
-0.53646
0.63118
-1.21703
-0.65986
-0.71292
-1.18832
-0.79871
-0.65741
-0.84224
0.84319
-0.74194
-0.65608
-0.93473
-0.85880
-1.06483
-0.61896
-0.55761
-0.66004
-0.57446
0.35927
-0.99763
-0.95678
-0.90905
-0.35071
-1.17634
-0.21721
-0.76541
-0.82241
-0.96444
-0.78101
-0.56513
-0.80625
-0.85813
-0.51767
-0.72083
-0.41132
0.51056
-0.78827
-0.62629
-0.52052
-0.56746
-0.96283
-0.77736
-1.06255
-1.21710
-0.63345
-0.71856
-0.42928
-0.76026
-0.85861
-0.36220
-0.82457
-0.56472
-0.10326
0.05551
-1.15004
0.15163
-1.03501
-0.18566
-1.11112
-0.76439
-1.06799
-0.78809
-1.08802
-0.40683
-1.02397
-1.20847
-0.33650
-0.27810
-1.21268
-0.35262
-0.13502
0.42528
-0.81472
0.12263
-1.19573
-0.76391
-1.19604
-0.60171
-0.93529
-0.60914
-0.92139
-0.40422
-0.76550
-0.89849
-1.17388
-0.22665
-0.23260
-1.20229
-0.79447
-0.85524
-1.15080
0.07264
-0.63869
-0.78805
-0.74911
-1.03810
-1.14034
-1.06839
0.09490
-0.04913
-1.15203
-0.61956
-0.26442
-1.10976
0.67059
0.16921
-0.83560
-1.17104
-0.71128
-0.89746
-0.37082
0.54515
0.09903
-0.92048
-0.31413
-1.12338
-1.21679
-0.57915
-0.81142
-1.05943
0.53598
-1.21279
-0.83009
-0.90581
-0.57238
0.49764
-0.49140
-0.68207
-0.87902
-0.00805
-0.68449
-0.59155
0.27601
-0.82345
-1.14678
-0.89131
-1.00739
-1.20855
0.00923
-0.83184
-0.94612
-0.56093
-1.07408
-1.19267
-0.52438
-0.53422
-0.60838
-0.59120
-0.96256
-1.12289
0.21132
-0.96803
-0.83566
-0.38049
-1.21718
-0.01682
-0.89292
-1.21718
0.72769
-0.39238
-1.02274
-0.25625
-0.76554
-1.11121
-1.07369
0.00207
-0.83323
-0.18362
-1.13648
-0.79785
-0.64512
-0.26764
-1.18021
-0.56428
-0.03328
-0.98563
-0.46521
-1.15320
-0.39085
-0.69692
-0.91900
-0.42374
-1.21720
-0.04940
-0.94828
-0.41854
0.19844
-0.31469
-0.96959
-0.37183
-1.00703
-0.49979
-0.78880
0.92000
-0.96471
-1.14482
-1.04106
-0.34823
-1.14652
-0.04569
-1.19274
0.39883
-1.13743
0.90224
-0.78026
-0.86587
-0.64282
-1.05560
-1.08639
-0.85034
-0.89699
-0.18615
-0.89667
-0.09269
-0.52564
-0.36776
0.02879
-0.54097
-1.03192
-0.22420
-0.46852
-0.78299
-0.82892
-0.55855
-0.23326
-0.52991
-1.13844
-0.42117
-0.51933
-0.33591
0.08968
-1.05972
-0.92195
-0.65679
-0.47956
-0.86360
-1.20002
-0.72461
-0.38282
-1.01636
-0.95765
-0.38460
-0.83941
-0.64297
-0.63342
-1.18092
-0.51508
-0.87903
-0.96681
-0.62472
-0.05017
0.66067
-0.91637
-0.14308
-0.32958
-1.18386
-0.64941
-1.03792
-1.07835
-0.88444
-1.12118
0.00272
-0.88668
-0.78296
1.70896
-0.61028
-0.53358
-0.83743
-1.05797
0.27511
-0.79299
0.14835
-0.33086
-0.61952
-1.18455
-1.21722
0.27955
-0.53957
-1.12525
-0.79444
-0.79392
-0.88626
-0.31382
-1.18791
-0.95771
-1.17542
-0.14052
