3.90085
4.34566
6.22924
1.51164
1.05544
2.85288
2.07064
3.38019
1.92391
3.81599
3.28319
2.63334
2.22221
4.01760
0.65960
3.29061
2.11935
-0.53264
4.70656
4.12003
1.99639
3.06546
3.04266
1.47808
3.45598
1.19614
2.17386
1.43769
2.26113
2.05607
1.48049
2.94101
3.42319
3.89277
2.95932
2.94589
1.46791
1.10354
-0.18832
3.49985
1.85687
1.75392
3.23965
0.97972
3.75913
3.73132
4.79725
3.18235
2.29280
1.79530
2.30862
1.63370
2.37192
1.50099
2.45314
1.86633
3.12648
2.53394
2.49977
2.37556
5.42458
3.39607
1.44933
2.99154
2.22758
3.15635
1.10540
2.91607
3.84777
4.81379
3.04786
1.83179
3.49992
3.19020
0.39753
1.71368
3.82273
2.51072
2.02533
1.87590
3.92952
2.13782
3.58360
1.82571
0.67158
2.46571
4.87425
4.38705
3.64009
2.25479
1.34233
1.23008
3.01352
3.87987
2.62678
2.64343
2.54618
3.44327
3.92436
3.52094
2.62349
1.65453
4.05743
1.87075
0.87309
0.77748
1.16731
2.38914
0.86578
1.84753
2.60553
2.60729
1.41504
0.26444
4.13639
1.64547
0.13456
2.85034
3.07386
1.74808
4.08876
1.97489
1.90507
1.92596
-0.27179
2.65160
1.23693
2.38766
2.15491
1.92714
1.47929
0.58660
1.61452
0.23284
2.27057
3.15045
0.52298
1.33463
2.19864
2.58705
2.10469
2.00283
1.80217
2.70484
3.33494
3.95443
2.49647
1.77772
0.63127
5.09291
1.70630
2.03095
1.47059
2.91563
3.57318
3.26283
1.31796
3.39216
2.19184
0.99465
0.91022
3.74613
2.47705
1.00676
3.02347
1.05036
4.33440
0.88685
0.76196
1.23536
2.98701
0.86806
3.64627
3.07220
1.34181
1.85561
3.80690
-0.13792
0.51694
5.37677
4.32672
3.89790
