0.35036
-0.43281
-0.16314
-1.03878
0.40756
-1.04721
-0.31479
-0.78739
-1.03782
-0.90109
-0.74711
-0.37257
-0.50083
-0.68508
-0.94087
-1.16368
-0.85031
-1.14976
-0.13175
-0.94436
-0.83727
0.12421
-0.04909
-1.07980
-0.39898
-0.24315
-0.93309
-0.09455
-0.60205
-0.53519
-0.45997
-0.88853
0.17988
-0.70579
-1.14368
-0.97743
-0.61602
-1.09569
-0.72128
0.22624
-0.64701
-0.41172
0.30215
-1.06284
-0.47714
0.12587
-0.60048
-0.98893
-0.75017
-0.93992
0.66331
-0.25677
-0.36480
-0.30502
-0.01281
-0.72561
-1.18113
-0.25322
-0.05068
-0.69305
-0.26083
0.72383
-0.65519
-0.89594
-0.51037
0.13995
1.55236
-0.96321
-1.13148
0.05877
-1.01254
-0.34180
-1.20815
0.22962
-0.60618
-0.55858
0.00157
-0.69005
-0.59984
-0.69780
-1.13531
-0.93102
-0.97494
-1.17173
-1.04659
-0.30672
-0.55036
-0.20859
-0.79865
-0.78121
0.63575
-0.60422
-0.95132
-0.97625
-0.51933
-0.28513
-0.84274
-1.03744
0.86292
-1.14681
-0.84963
0.87536
-0.96382
-0.71436
0.96043
-0.87823
0.17881
-1.01378
-0.73291
0.11418
-0.75696
-0.73515
-0.32955
-0.45083
-1.20194
-0.42988
-0.40382
-0.75947
-0.45984
-0.62820
-0.63447
-0.73306
-0.77619
-0.36031
-0.00448
-1.21507
-0.44273
-0.97789
-0.38096
-0.63958
-1.03160
-0.93734
-0.91721
-0.46826
-1.09556
0.26067
-0.79592
-1.13624
-0.36668
-1.01852
-1.03530
0.81104
0.22966
-1.00492
-0.43458
-0.51921
-0.93802
-0.97632
-0.68111
-0.67744
-0.90691
-0.69902
-1.10660
-0.58238
-1.01495
-0.88368
-1.15994
-0.18406
-1.03578
-0.57211
-1.14387
-0.41075
-0.49967
-0.37836
-0.94750
-1.02648
0.57237
-0.92740
-0.75122
-0.33921
-0.77692
-1.18844
-0.56848
-0.87202
-0.77929
-0.90854
-0.61878
-0.87770
-0.28079
-0.40720
-0.64621
-0.36634
-0.03381
-1.03046
-0.26463
-0.46837
-0.50087
-0.94073
-0.27766
-0.35685
-0.77567
-0.09863
-0.76784
-0.82428
-0.69544
-0.40432
-0.85987
-0.95852
-0.16339
-0.69836
-0.39923
-0.48308
-0.79220
0.16267
-0.25011
-0.20783
-0.97654
-0.38218
0.40590
-1.07759
-0.47024
-0.71584
-0.74893
-0.50905
-0.90095
-0.88458
-0.30522
-0.81313
-0.31578
-0.51982
0.03157
-0.29535
-1.09935
-0.78194
-1.04519
-0.36952
-0.83596
0.50044
-1.17552
-0.94829
0.60186
-0.86900
-0.61981
-1.10710
-0.62885
-0.75546
-0.10346
-0.04305
-1.12150
-0.81356
-0.13551
-0.91066
-0.31675
-1.01662
-0.65601
-0.35748
-0.67570
-1.00450
-0.97862
-0.99406
-0.37265
0.08914
-0.66783
-0.76509
-0.39835
-0.29971
-1.10169
-0.06325
-0.68758
-1.03760
-0.91556
-0.35712
-0.82676
-0.69583
-0.27392
-0.15634
-0.61793
-0.94530
-0.57731
-1.12781
-0.61673
0.37235
-1.17990
-0.11703
-0.76496
-0.52793
-0.56435
-0.51244
-0.91439
-0.95597
-0.43775
-0.69619
-1.10875
-0.46322
-0.16792
0.51809
-0.59610
-0.41653
-0.94498
0.35830
-1.12408
-0.07769
-0.87889
0.83493
-0.27476
-0.60281
-0.77720
-0.22566
-0.80158
-0.42674
-0.24127
-1.14418
-0.89619
-0.75594
-0.64495
-0.29418
-0.80098
-0.98157
-0.83961
-0.32937
-0.83043
-1.09289
-0.50515
-1.02025
0.48624
-0.76407
-0.44972
-1.01157
0.66597
-0.97863
-0.53426
-0.47229
-1.06384
-0.89393
-0.25432
-0.85799
0.66254
-1.02255
-0.18060
-0.24848
-0.47438
-0.01318
-1.19332
-0.81230
-0.93154
1.16524
-0.64234
-0.84918
-1.18089
-0.45350
-0.99272
-0.67875
-0.17758
-1.19779
0.21573
-0.25099
-1.22344
0.91447
-0.85266
-0.87306
-0.72647
-0.98326
-0.13625
-0.72014
-0.72221
-0.20856
-0.61428
-1.01123
0.15387
-1.02624
-0.28241
-0.28638
-0.55390
-0.82768
-0.17478
-1.13889
-1.06172
0.33887
-0.20259
-0.82339
-1.00603
-0.06622
0.69246
-0.96034
-1.02959
-0.93730
-0.21623
0.37609
-0.90028
-0.90348
-0.23788
-0.27121
-0.50116
-0.57558
-0.65138
-0.02115
-1.14641
-0.45839
-0.48899
-1.03023
0.34552
-0.16881
-0.81775
-1.11817
-1.17299
-0.88311
-0.27910
-0.93183
-1.04989
-0.22291
-0.90476
-0.92956
-0.52869
-0.24788
-0.13599
-0.92966
0.32756
-0.94198
-0.51040
-0.65769
-0.57806
-0.78314
-0.79596
-0.80012
-0.42343
-0.89674
-0.77386
-0.17831
-0.74701
-0.02738
-0.80698
-0.99738
-1.06340
-0.85385
-1.03503
0.17732
-0.46486
-0.84231
-1.13459
-0.79677
-0.58879
-1.07582
-0.54959
-0.75276
-0.03824
-0.65466
-0.92225
0.74557
-0.07222
-0.31417
-0.55767
-0.33823
-0.57754
0.51515
-0.96955
-0.99731
-0.54474
-0.68863
-1.13532
0.34367
-0.34785
-0.85288
-0.22102
-0.88572
-0.81949
0.19237
-0.41649
-0.32798
-0.87555
-0.73487
-0.86100
-0.01215
1.53489
-0.26263
0.05403
-0.69031
-0.88520
-0.15957
-0.95968
-0.21585
-0.22917
-0.97088
-0.97629
-0.11695
-0.16321
-0.83771
-0.50873
-0.60568
-0.84678
-0.10321
-0.83959
-0.56711
-0.21880
0.29940
-0.23410
-0.71178
-0.80940
-0.39610
-0.58157
-1.14590
-0.43129
-1.09171
-0.25352
-1.15049
-0.73966
0.87204
-0.73099
-0.12113
0.33439
0.11858
-1.22653
-0.04229
-0.56501
-0.79275
-0.31149
-0.18663
-0.85808
-0.80866
-0.70950
-0.45656
0.21767
-1.02634
0.52433
-0.94980
-0.71825
-0.28333
-0.34558
-0.88935
-0.36622
-0.76229
-1.03712
-0.64845
-0.72055
-0.08958
1.24447
-0.57571
-0.17221
-0.76989
-0.77252
-0.82292
-1.10059
-0.22019
-0.44701
0.62086
-1.00308
0.99506
-0.95160
-0.71940
-1.02056
0.59467
-0.86247
-0.60771
-0.70751
0.05644
-0.14663
-0.77258
-0.66840
-0.19114
-0.16579
-0.63689
-0.70080
-0.92599
-0.40770
-0.07652
-0.65819
-0.97090
-0.74121
0.67443
-1.05018
-0.74748
-0.46434
-0.46794
-0.23590
-0.73818
-1.16093
-0.22420
-1.12391
-0.87624
0.06778
-1.04629
-0.39966
-0.91516
-0.59926
-0.11982
-0.30119
-0.91759
-1.02953
-0.50804
-0.91029
-0.47973
-0.88931
-0.92681
-0.37757
-0.49569
0.28333
-0.43343
-0.34380
-0.47421
-0.74884
-0.88215
-0.67375
-0.90424
-1.10412
-1.09952
-0.85331
-0.29170
-1.20270
0.27032
-0.98570
-0.76839
-0.29905
-0.92815
-0.70824
-0.76888
-0.84385
-1.10302
-0.81908
-1.17367
-0.89612
-1.12425
-0.35277
-0.99269
-0.93483
-0.90279
-0.43838
-0.66804
-0.66164
-1.00113
0.02452
-0.25251
-0.84443
1.03596
-0.65080
-0.81896
-0.99201
-0.46020
0.76791
-0.28775
-0.56944
-0.55988
-0.75799
-0.39361
-0.68451
0.03602
-0.32554
-0.55004
-0.58197
-0.91453
-0.88402
-0.88538
-0.23255
-0.20829
-0.62382
-0.50511
-1.22661
-0.98652
-0.14555
-1.05656
0.08993
-0.98096
-0.77579
0.40369
-1.11046
0.06329
0.44102
0.00434
-1.16537
-0.36869
-0.48839
-0.01112
-1.06333
-0.19729
0.10093
-0.92129
-0.41234
-1.21824
-0.03182
-0.61377
-0.44494
-1.11943
-0.98113
-0.48568
-0.40346
-0.94503
-0.22046
0.05720
-0.47647
-0.94656
-1.10066
-0.53907
-0.90700
-0.84997
-0.56929
-0.89618
-0.89705
-1.01362
-0.08608
-0.50065
-0.54202
-0.34231
-0.96407
0.04218
-0.91395
-0.60469
-1.01521
-0.62671
0.16162
-0.27225
-1.09013
-0.12718
-0.52840
-1.09376
-0.75626
-0.53970
-0.49174
-0.51261
-0.02008
-0.50505
0.41798
0.00461
-0.28081
0.27002
0.22105
-0.70942
-0.53869
-0.68817
-0.29251
-1.06302
-0.33114
-1.15702
-0.58581
-0.94835
-0.54471
-0.84615
-1.21837
-0.24485
-0.74720
-0.64261
-1.18075
-0.61991
-0.48047
-0.22056
-0.79019
-1.18586
0.17498
-0.73787
-0.17014
-0.93078
-0.47050
-1.01226
0.54432
-1.04173
-0.25266
-1.04935
-0.38702
-0.94020
-0.83245
0.54916
0.67748
-0.81684
-0.45503
-1.22047
-1.05066
-1.07966
-0.59566
-0.96887
-0.36349
-0.42292
-0.71645
-0.76902
-1.01053
-0.80482
-1.09387
-0.66033
-1.15603
-0.23993
-0.25746
-0.73922
-0.66705
-0.48030
-0.04257
-1.05899
-0.53229
-0.65136
-1.11701
0.82054
0.58295
-1.02531
-0.61758
-0.77802
-0.89944
-0.79054
-1.03691
-0.86760
-0.72707
-0.96238
-1.16329
-0.95744
-0.17704
-0.12939
-0.20776
-1.12237
-0.93154
-0.82404
-1.19189
0.66786
-1.04568
-0.95414
-1.01915
-0.11140
-1.00602
0.42132
-0.83681
-1.21484
-0.06017
1.19116
-1.11866
-0.76445
-0.06701
-0.97428
0.06955
-0.71203
0.08583
-0.57478
-0.36647
-0.63037
-0.27701
