1.46402
1.67176
4.78405
2.66145
3.64879
1.68524
1.81671
3.97492
3.25094
3.65255
1.92201
1.99470
2.45652
0.94464
1.75594
3.47008
4.92976
6.04236
2.67530
0.32044
3.87472
1.86410
3.51577
1.34884
4.34567
1.05802
3.23770
1.45708
4.73906
3.78545
2.04863
0.59998
2.07357
4.98326
3.59130
5.02376
2.99073
1.02555
3.11457
3.88198
2.63584
1.43405
3.50014
2.24022
1.36667
2.95966
3.78204
2.34382
1.17513
4.91757
3.98351
2.56313
4.09612
1.71331
2.18689
5.27381
2.58235
2.72312
4.44365
4.32872
2.66800
1.84510
1.93380
2.97315
1.82583
1.92048
2.73291
3.45878
1.34731
4.28835
1.03649
3.25019
2.71329
2.70313
2.56463
3.99612
3.12340
1.41542
3.85947
2.27518
2.42302
3.31458
2.62337
2.02240
2.81608
1.66764
2.21735
3.09467
1.63060
2.37130
3.63681
4.17000
1.97725
1.42558
3.04113
2.82491
1.38297
1.87821
1.14826
4.14151
1.62908
-0.22263
3.47908
1.73813
1.69324
2.58390
1.80241
1.84904
1.64220
3.20261
0.46686
2.91166
2.62739
3.03161
2.07313
3.89189
1.38475
-0.27753
0.24334
2.46718
1.72105
0.35717
3.57412
2.35446
4.24340
3.29569
3.67066
2.65019
0.90674
1.65525
3.08608
4.68689
4.01490
0.28178
2.41967
4.78032
2.55482
2.74589
2.70414
2.47311
2.66419
3.96815
3.55861
4.74990
0.88147
3.09599
1.90533
0.24852
2.23311
4.22128
4.22898
3.03248
2.25250
1.10637
1.84684
1.36918
3.00416
4.81780
3.02800
3.20478
2.83169
1.04136
2.19692
1.95841
3.63475
3.56374
2.68257
1.23646
1.95765
3.23769
3.34476
2.63468
2.38958
-1.11386
3.47246
2.63423
2.38199
2.91446
4.33366
4.97181
0.96007
-0.67031
0.96885
1.74912
2.71704
-0.00817
