-1.02503
-0.87610
-0.53173
-0.77741
-1.04808
-0.53801
-0.41010
-0.99248
-1.06112
-1.11350
-0.33618
-1.22476
-0.88151
-0.71391
-1.08370
-0.93136
-1.04531
-0.80568
-0.96952
-1.18275
-1.21399
-1.18960
-0.75173
-1.22387
-0.91754
-0.72577
-1.21546
-0.79448
-0.97214
-1.13598
-0.94307
-0.80759
-0.45413
-1.00286
-0.99946
-0.72781
-0.96121
-0.72827
-0.44393
-1.05972
-1.20418
-1.20125
-0.46737
-1.17161
-1.20939
-1.22687
-0.99961
-1.16047
-1.20748
-1.09394
-0.96302
-0.93535
-1.22536
-1.02174
-0.31782
-1.22299
-0.81429
-1.11812
-1.19693
-1.12215
-1.05780
-1.15407
-0.98735
-1.19335
-1.18804
0.28382
-0.96780
-1.01957
-0.86856
-1.12345
-0.54006
-0.99639
-1.00178
-1.01779
-0.84557
-1.21689
-1.20106
-1.08015
-0.88179
-1.03782
-0.88077
-1.05050
-0.96398
-0.86517
-0.83731
-1.04782
-1.21162
-0.90082
-0.97670
-1.08061
-1.22646
-0.89204
-1.01091
-0.98218
-0.91798
-0.46831
-0.12328
-0.24340
-0.55379
-1.05218
-1.21639
-0.92711
-1.22339
-1.21953
-0.92324
-0.97420
-1.22051
-1.13720
-1.19742
-0.72673
-0.76079
-0.99925
-1.01554
-0.66847
-0.96295
-1.17704
-0.87487
-0.86816
-1.01400
-0.39015
-0.93701
-1.17039
-0.96460
-1.13967
-1.22619
-1.04408
-1.22568
-0.40946
-1.08550
-1.16152
-1.01966
-1.22521
-0.87393
-1.04316
-1.22505
-0.90694
-0.59963
-0.97042
-0.96242
-0.81059
-1.15709
-1.17549
-1.07642
-0.73145
-1.17279
-0.84193
-0.94120
-1.00346
-1.15248
-1.19709
-1.20811
-0.90174
-1.12174
-0.94404
-0.91029
-0.97115
-1.22433
-1.18486
-0.84126
-1.02649
-1.12667
-1.11324
-0.87421
-1.16332
-1.15112
-1.20381
-1.09520
-0.94432
-1.02739
-1.15516
-0.05760
-0.85086
-0.95702
-0.86881
-0.34040
-1.21710
-0.91119
-0.58188
-0.20844
-0.68066
-1.19384
-1.20923
-0.96041
