-0.65696
-0.34402
-0.38082
-0.48221
-0.62379
-0.76027
-1.10793
0.01137
-1.08717
-0.77581
-0.60000
-0.24050
-0.36979
-1.16970
-1.11449
-0.02144
-0.31586
-0.72676
-0.41063
-0.96433
-0.53344
-0.39284
-1.13532
-0.20964
-0.47993
0.19364
-0.99520
-0.67196
-0.51315
-0.27335
-1.12975
-0.90285
-1.15981
-0.81211
-1.00316
-0.28737
-1.03506
0.92706
-0.43633
-0.20480
0.40671
-0.63755
-0.88692
-0.68834
-0.51883
-0.83306
-1.07598
-0.80523
-0.38837
-0.25668
-0.82745
-0.16947
-0.10286
-0.83573
-0.80811
-1.16867
-0.89889
-0.41186
-0.71151
-0.12248
-0.50772
-1.03073
-0.68991
-0.81859
-0.56705
-0.54490
-0.84423
-0.84122
-0.10361
-1.14238
-0.72281
-0.04259
-0.97030
-0.70375
-0.34332
-0.72491
-0.16629
-0.55407
0.11194
-0.68312
-1.15911
-0.80182
-0.72763
-0.66164
-0.39047
-1.15455
0.02121
0.61674
-0.83469
-0.94213
-0.20942
-0.15811
-1.08642
-0.33415
-0.21448
-0.50295
0.27570
-1.12970
-1.09422
-0.02235
-0.88590
-0.92827
-0.93992
-0.58162
-0.74879
-0.24453
-0.38659
-0.31508
-0.08338
-0.97005
0.64855
-0.65213
-0.76864
-0.12244
-0.67131
-1.01336
-1.14429
-0.83803
0.04907
-0.14006
-0.10517
0.16060
-0.63084
-0.40559
-1.19285
-0.27149
-0.64769
-0.51076
-0.85340
-1.17710
-0.62490
-1.12062
-0.12750
-1.19461
-0.09590
-0.90492
-0.63179
-0.61726
0.27410
0.04646
-0.29688
-0.95971
-0.71608
-0.57519
-0.49752
-0.82656
-0.71482
-0.80807
-1.09138
-0.91645
0.07910
1.14230
-1.01158
-0.83685
-0.37581
-0.83605
-0.94302
-0.54879
-1.01308
-0.40790
-0.91920
-1.13367
-0.81369
-0.87838
-0.55167
-1.18319
-0.44219
-0.15188
0.51730
-0.35612
-0.69122
-0.68744
-0.65200
-0.52896
0.22700
-0.80540
-0.49797
-0.68628
-0.99451
-0.13652
-1.05269
-0.53790
-1.01546
-0.91450
-0.71497
-1.01888
-0.78349
-0.55995
-0.16849
-0.40217
-0.81616
-0.85416
-0.43656
-0.50322
-0.38538
-1.08581
-0.58723
-0.47920
-0.99162
-0.96166
-0.66567
-0.58321
-0.78062
-0.50862
0.09844
-0.79997
-0.28221
-0.78559
-0.81797
-1.08309
-0.94968
-0.77064
-0.98008
-1.01790
-0.25685
-0.80408
-1.09415
0.54005
-0.76369
0.11008
-0.77552
-0.64772
-0.80391
-0.30010
-1.20799
-0.81804
-0.01605
-0.63438
-0.72704
-1.08311
-1.03282
-1.05819
-0.80479
-0.81059
-0.62406
-0.51274
-0.56039
-0.10543
-0.08455
-0.59017
-0.88070
-0.51972
-0.22866
-0.44588
-0.84655
-0.58289
-0.84865
-1.10845
-0.95227
-0.76140
-0.84421
-0.68825
-0.97170
-1.02496
-0.25614
-0.89007
-0.41353
-0.89234
-0.75634
-0.60498
-1.10040
-0.52175
-0.99019
-0.69967
-0.61669
-0.82720
-0.31897
-0.84754
-0.75816
0.04412
-0.81838
-0.45102
-0.52475
-0.56828
-1.10576
-0.65383
-1.21126
-0.29622
-0.40446
-0.66860
-0.84302
-0.83952
-0.38237
-0.14295
-0.63527
-1.17400
-0.40978
-0.16650
-1.08791
0.01166
-0.55901
-0.70481
-0.41961
-1.00770
-0.90217
-0.73522
-0.94066
-0.64949
-0.84807
-0.29601
-0.78646
-1.04943
-0.22668
0.00642
-0.04668
-0.87154
-0.21191
-0.43696
-1.10022
-0.25086
-0.77449
-1.22544
-0.60621
-0.83058
-0.60260
0.29036
-0.45833
-0.82679
-0.52781
-0.30634
-0.67028
-0.28063
0.35020
-0.30322
-1.21682
-0.56787
-1.07082
-0.32779
-1.18618
0.15247
-1.09419
-0.14901
-0.56337
-1.01712
0.15680
-0.21685
-1.00810
-1.07950
-0.89410
-0.24763
-0.97229
-1.05126
0.35695
-1.17786
-0.43265
-0.55410
-1.04736
-0.16486
-0.83186
-0.21672
-0.60072
1.51165
-1.10753
-1.09232
-0.64056
-0.55486
0.27126
-0.85560
-1.17929
-0.69856
0.06314
-0.94091
-0.32649
-0.92214
-0.47952
-0.64803
-0.72375
-0.54586
-1.11066
0.06317
0.72750
-1.18372
-0.89524
-0.53497
-0.95636
-0.43833
-1.21862
0.30063
-0.54001
-0.51237
0.56114
-1.15780
-0.68667
0.35955
-0.81219
-0.38114
-0.58845
-0.07902
-0.91144
-0.97121
-1.09984
-0.32769
-1.02755
-0.31309
-0.93953
-0.89283
-0.49491
-1.20919
-0.70246
-0.42426
0.81870
-0.32500
-0.67223
0.55873
-0.82056
-0.24877
-0.78477
-0.51411
-1.09463
-0.67166
0.66673
-0.84034
-0.93053
-0.88098
0.21768
-0.78608
-0.81656
-0.75441
-0.24088
-0.28223
-1.15817
-0.37994
-1.09704
-1.15887
-0.76572
-0.40408
-0.71216
-0.50996
-0.87307
-0.91831
-0.74054
-0.15260
-1.06667
-0.87813
-0.57240
-0.40656
-1.12650
-0.87858
-1.01519
-1.03004
-1.06173
-0.98367
-1.05953
0.02851
-0.66085
-0.04080
-0.61576
-1.03918
-0.96113
-1.07398
0.07710
-0.05864
-0.45580
-1.19919
-0.44920
-0.02674
-0.77983
-0.84058
-0.38826
-0.69888
-0.66789
-0.79756
-0.15006
-1.14821
-0.81681
-0.42757
0.73400
-0.41168
-0.72676
-1.13101
-0.51319
-0.07572
-0.52487
-0.55380
-0.84450
-0.57516
-0.92797
0.20815
-0.56871
-1.14287
-0.58022
-0.72955
-0.87286
-1.13879
-0.24653
0.32422
-0.15509
-1.09798
-0.50311
-0.64726
-0.89813
-0.71282
-0.78823
-0.77221
-1.22177
0.49135
-0.99119
-1.04727
-0.72914
-0.51680
-1.01147
-1.02434
-0.55655
-0.65827
-0.62864
-0.02502
-0.95820
0.02201
-0.80236
-0.43395
-0.67135
-1.07523
-0.00710
0.27200
-0.65047
-0.80179
-0.11661
-0.15120
-0.33673
-1.17768
-0.72825
-0.82591
-1.14183
0.49758
-0.83905
-0.49558
-0.13118
-1.10048
-0.62967
-0.86503
-0.05228
-0.80381
-0.40064
-0.69652
-1.13484
-0.79808
-0.84795
-0.86787
0.29994
-0.41231
-0.66773
-0.69284
-0.40114
-0.72464
-0.68834
-0.11344
-0.61919
-0.90683
-0.67224
-1.08424
-1.00779
-1.07412
-0.53263
-0.29785
0.32874
-0.92252
-0.27388
-0.06759
-1.13438
-0.64660
-0.86602
0.19715
-1.03801
-1.10791
-0.19754
-1.13505
-1.00519
-0.80778
-0.04088
-0.48320
-0.95644
-0.99474
-1.01042
-0.69323
-1.03516
-0.60170
-1.07777
-0.21616
-0.55017
0.36499
-0.58390
-0.03508
-0.75217
-0.25635
-0.32194
-0.66577
-0.78457
-0.92736
-1.07984
-0.49950
-1.20599
-0.40095
-0.48720
-0.01432
-0.44809
-1.07864
-0.35031
0.16268
-0.04992
-1.21228
-0.82381
-0.69303
-1.22451
0.13078
-0.48708
-0.95656
-0.36995
-0.77713
-0.39998
0.27852
-0.86726
0.05609
-0.43964
-0.48831
-1.09375
-0.41590
-0.45192
-0.58193
-0.29143
-0.67596
-0.85720
0.54792
0.27121
-0.52604
-0.87731
-0.53721
-0.58896
-0.59265
-0.24483
-0.89702
0.60286
-0.97950
0.16191
-1.19988
-0.55684
-1.01155
-0.62868
-0.70154
0.00845
-0.59620
-0.21068
-0.19677
-0.81700
-0.81409
-0.61015
-0.71895
-0.57916
-0.69302
-1.20055
0.27611
-0.76614
-0.81172
-0.51483
-0.70531
-0.58719
-0.95777
-1.12964
-1.17685
-0.97571
-0.26361
-0.35692
-0.59961
-0.69384
-0.28494
0.10280
-0.91922
-0.72156
-0.52206
-1.22654
0.30940
-0.92837
-0.47439
-0.21422
-0.22664
0.54398
-0.60871
-0.52513
-1.05560
-0.36396
-0.23511
0.11344
-0.21569
-0.84366
-0.82064
-0.90528
-0.25680
-0.99762
-0.48721
0.63128
0.02989
-1.20943
0.21084
-0.91260
-0.83682
-1.02878
-0.61219
-0.77179
-1.06043
-0.56689
-0.51586
0.90510
-0.17487
-1.19380
-0.27031
-0.19311
-0.52870
-0.45164
-0.22196
-1.22675
-0.56388
-0.80840
-0.67050
0.12996
-0.62961
-0.54705
-0.93443
-0.94636
-0.43685
0.00490
-0.53357
-0.69295
-0.83130
-1.02275
-0.83914
-1.17501
-0.33364
0.34362
-0.71798
-0.60242
-1.10118
-0.44358
-0.59781
-1.07029
-0.45903
-0.63674
-0.86192
-0.72929
-0.69354
-0.74971
-0.43841
-0.80372
-1.05193
0.43714
-1.11041
0.00286
0.37848
-0.28416
-0.93046
-0.90058
-0.59147
0.68300
-0.38268
-1.06850
-0.65639
-0.73050
0.07253
0.00856
-0.65039
-0.38947
-0.06676
-0.74652
0.44991
0.31410
-0.80665
-0.80505
0.42183
0.70486
-0.98247
-0.99195
-0.80271
-0.88874
-0.03031
-0.31069
-1.13600
-0.93719
-0.25467
-0.64651
0.05739
-0.66555
-0.83289
-0.76748
-0.07525
-0.59945
-0.68137
-0.70893
-0.48315
-1.22353
-0.93907
-0.28720
-0.77749
0.01754
-0.60991
-0.50988
-0.84828
-0.50225
-0.34332
-0.72368
-0.29818
-0.60258
0.18898
-0.84383
-0.06582
-0.60123
0.48518
-0.21337
-0.46267
-0.86761
-0.23931
-0.87894
-0.47270
-0.43896
-0.56827
-0.72002
-0.62541
0.13987
-0.57179
-0.98318
-0.76004
-0.62739
-0.21835
-0.28995
-0.20478
-0.62570
-0.52935
-0.84907
-0.74225
-0.64529
-1.06726
-0.85893
-0.51232
0.06780
-0.42675
-0.33511
-0.73249
-0.66193
-0.35010
-0.45557
-0.65133
-0.89088
-1.01268
0.08479
-0.93041
-0.60958
0.12091
-0.89386
0.19337
-0.23550
-0.58869
-0.65077
0.45583
-0.09521
-0.39242
-0.64191
-0.49061
-0.96407
-0.96864
-0.22996
-0.32089
-1.01829
-0.92014
-0.80439
-1.08812
-0.53878
-0.80829
-0.87323
-1.19530
-0.10685
-0.99968
-0.93481
-0.67509
-0.71144
-0.75637
-0.83794
-0.77656
-0.78252
-0.71948
-0.79465
-0.05899
-0.88781
-0.18926
-0.92288
-0.46124
-0.61504
0.29076
-0.60055
-0.79447
-1.14139
-0.81007
-0.59091
-0.56005
1.61010
-0.70662
-1.00676
-0.49916
-0.91538
-0.99439
-0.82895
-1.08122
0.21175
-0.49602
-0.92993
-1.03303
0.16875
-0.44127
0.15747
0.19995
-0.72618
-1.21267
-0.83507
-0.65594
-0.73352
-0.29436
-0.03858
-0.46903
-0.12701
-0.76179
-0.54550
-0.15215
-1.15550
-0.75453
-0.99418
-0.60425
-0.98299
-1.20792
1.00576
0.82915
-0.92855
-1.22307
-1.15925
-1.21113
0.22209
0.46061
-0.38253
-0.85287
-1.01348
-1.02332
-0.92822
-0.07935
-0.92897
-1.00468
-0.81664
-1.15438
-0.51857
-0.03101
-1.07279
-0.99124
-0.22734
-0.73695
-0.79687
-0.37232
-0.01788
-1.19658
-1.11645
-0.26585
-0.55139
-0.86876
0.79698
-0.88321
-1.11921
-0.99181
0.44641
-0.76495
-1.13503
-1.02229
-0.30606
-0.45594
-0.15351
0.30317
-0.22863
-0.15415
-0.53950
-1.15819
-1.11261
-1.08659
-1.21923
-0.79036
-0.13604
-0.59021
-0.35717
-1.13047
-1.04631
-0.56292
-0.73608
-1.12108
-0.28686
2.32768
-0.84307
-0.35547
-0.48779
-0.10134
-0.86042
-0.15788
-0.58906
-1.19125
-1.07625
-0.56977
-1.08901
0.01757
-0.15162
-1.20913
