0.73943
1.19833
0.58709
2.32607
0.47440
0.71155
0.42121
4.47370
-0.56142
-0.73955
2.26296
1.13035
1.72638
0.11431
0.87827
1.51708
1.78716
2.08712
0.87809
-0.06547
0.35977
1.70526
0.73107
1.08352
1.49387
0.69463
1.83429
1.00716
1.47842
1.82423
1.76674
3.13725
1.47301
0.31319
1.70015
0.79319
-0.02163
1.35840
2.90801
-0.18769
1.75697
0.58397
3.88164
0.44498
1.61560
2.14871
1.60690
1.79510
0.94096
0.90281
-0.23400
0.65664
0.36927
0.17954
0.69372
1.22625
1.50773
2.92148
-0.08739
0.27942
1.67960
3.02339
1.85272
0.21937
2.21485
1.36987
0.68721
1.29156
-0.48136
1.92156
-0.10927
-0.09332
1.64323
1.62183
0.53519
0.20885
-0.10386
0.49258
-0.96944
0.48355
1.25424
1.87299
1.36917
1.23557
2.93562
1.67177
1.01047
0.73725
0.94420
0.46123
2.66489
1.48200
0.20294
1.50926
0.43742
0.64816
-0.91053
2.03302
1.43296
-0.63560
1.90159
1.16448
1.44573
1.39378
1.70810
0.15791
-0.49232
1.71586
1.23840
-0.56737
0.47065
0.15997
0.95264
0.64965
1.10748
0.71265
0.33964
0.28664
0.18167
1.10550
1.38863
-0.10745
0.68173
0.24613
0.68080
2.15236
-0.27027
1.12836
3.21823
2.01329
2.40387
0.78453
0.59152
1.14228
0.95922
2.00479
1.17776
0.15256
-0.27337
2.55333
1.08281
0.43252
0.87399
1.09180
1.56165
0.12849
0.59550
-0.46020
0.94525
-0.18992
-0.53618
1.44209
3.65436
1.08730
1.65287
0.47230
1.26721
1.88356
0.65991
0.80713
1.69897
1.54084
1.48073
0.90717
0.68953
-0.42205
-0.15858
1.20509
1.25049
1.64160
1.31629
0.53985
0.84395
0.74124
-0.14234
3.78239
0.47530
4.70040
1.21741
0.82395
2.11014
