-0.34402
0.01137
-0.02144
-0.53344
-0.20964
-0.51315
-1.12975
-0.81211
-0.38837
-1.16867
-0.12248
-0.54490
-0.84122
-0.04259
-0.68312
-1.15911
-0.66164
-1.08642
-0.02235
-0.92827
-0.93992
-0.76864
-1.14429
-0.40559
-1.19285
-1.12062
-0.90492
-0.29688
-1.09138
-1.01308
-0.91920
-1.18319
-0.44219
-0.99451
-0.91450
-0.55995
-0.99162
-1.08309
-0.94968
-0.76369
-0.30010
-0.72704
-1.03282
-0.81059
-1.10845
-0.95227
-0.25614
-0.89234
-1.10040
-0.69967
-0.81838
-1.21126
-0.83952
-0.63527
-0.70481
-0.73522
-0.87154
-0.77449
-0.83058
-0.45833
0.35020
-0.32779
-0.56337
-0.24763
-0.97229
-1.17786
-0.55486
0.06314
-1.11066
-1.18372
-0.53497
-0.81219
-0.91144
-0.93953
-1.20919
-0.51411
-0.67166
-0.78608
-0.75441
-1.09704
-0.76572
-1.01519
-1.03004
-1.06173
-0.44920
-0.66789
-0.42757
-0.51319
-0.84450
-0.87286
-0.64726
-1.22177
-1.01147
0.02201
0.27200
-1.17768
-0.82591
-0.05228
-0.86787
-1.08424
-1.00779
-0.06759
-1.13505
-0.04088
-1.03516
-0.25635
-0.49950
-1.20599
-0.40095
-0.77713
-0.45192
-0.53721
-0.59265
-1.01155
0.00845
-1.20055
-1.12964
-0.26361
-0.35692
-0.69384
-0.92837
-0.47439
-0.90528
-0.83682
-0.61219
-0.27031
-1.22675
-0.80840
-0.94636
-1.17501
-1.10118
-0.44358
-0.45903
-0.80372
-1.11041
-0.38268
-1.06850
-0.80271
-0.88874
-1.13600
-0.93719
-0.59945
-0.50225
-0.34332
-0.87894
-0.56827
-0.62739
-0.64529
0.06780
-0.42675
0.08479
-0.58869
-0.96864
-0.32089
-0.99968
-0.93481
-0.77656
-0.92288
-0.61504
-1.14139
-1.08122
0.21175
-0.72618
-0.65594
-0.29436
-1.15550
-1.20792
-1.02332
-1.00468
-0.51857
-0.01788
-0.55139
-0.99181
0.44641
-1.08659
-1.21923
-0.56292
-0.86042
-1.19125
-1.20913
