-0.69593
-1.19745
-0.76895
-0.55869
-0.49287
-0.74404
-0.93591
-0.95618
-0.72199
-0.99803
-1.19622
-1.06635
-0.45977
-0.70444
-1.18837
-0.99112
-0.69540
-1.17498
-0.58497
-0.38706
-0.88398
-1.05161
-0.76662
-0.63224
-0.55787
-1.06754
-1.19174
-0.84979
-1.01334
-0.77878
-0.84545
-1.07855
-1.19864
-0.85690
-0.56412
0.18244
-0.99072
-0.92296
-0.53832
-0.65196
-0.95708
-0.95212
-0.48733
-0.59437
-0.57760
-0.70293
-1.18090
-0.95749
-0.57403
-1.03825
-0.70558
-0.53541
-0.88686
-1.19708
-0.93461
-0.91910
0.35985
-1.00313
-0.79566
-1.12919
-0.91881
-1.17712
-1.16500
-1.16513
-1.14735
-0.74277
-0.24378
-1.15703
-0.92508
-0.78128
-1.12560
-0.97062
-0.85406
-0.26371
-0.95624
-1.14635
-0.88042
-1.17455
-0.96567
-0.78519
-1.11051
-1.19678
-0.79453
-1.00731
0.01535
-0.87835
-0.84071
-1.11650
-1.10825
-1.11487
-1.06571
-1.09924
-0.98207
-0.24585
-0.86682
-0.88906
-0.87018
-1.02437
-0.70901
-1.14153
-0.69149
-0.96543
-0.37397
-0.91010
-1.08553
-1.13937
-1.05584
-1.10314
-1.13506
-0.77329
-0.82695
-0.97192
-1.00745
-1.15616
-1.12422
-0.57174
-1.10694
-1.05858
-0.64685
-1.17429
-1.19446
-1.00504
-0.89096
-0.97173
-1.17621
-1.19855
-0.82296
-1.04684
-1.12054
-1.02917
-1.15962
-0.96093
-0.78959
-1.17870
-0.96802
-0.99241
-0.56232
-0.53934
-0.88349
-1.18946
-0.53614
-1.10009
-0.32696
-0.76348
-0.78288
-1.18233
-0.75807
-0.68856
-0.93793
-0.33684
-1.17554
-1.19818
-0.79071
-0.96190
-0.97124
-1.05783
-0.94543
-0.94434
-1.15453
-0.90599
-1.16086
-0.98641
-1.12912
-1.09261
-1.16668
-1.09092
-1.05204
-1.15281
-1.19809
-1.19661
-0.93348
-1.10620
-0.82851
-0.81341
-1.15063
-1.18729
-0.97466
-1.17445
-0.97359
-1.19588
-1.10067
-0.87699
