-0.28914
-0.57232
-0.05675
-1.10736
-0.88042
0.02073
-0.69593
-0.51311
-0.31412
-0.78319
-1.19745
-0.76895
-0.81741
0.38461
0.13396
-0.83188
-0.80132
-1.01129
-0.43137
-0.27069
-0.55869
-0.88451
-0.29291
-0.25069
-0.60400
-0.86248
-1.04015
-0.77516
-0.30723
-0.49287
-0.77113
-0.35955
-0.30555
-0.74383
-1.19753
-0.69504
-0.74404
-0.83389
-0.93591
-0.90720
-0.52210
-0.92839
-0.39926
-0.49265
-0.76412
-0.95618
-0.71558
0.95252
-1.07131
-0.02162
-0.72199
-0.68627
-0.75895
-0.85649
-0.99803
-1.11437
-0.02087
-0.34413
-0.51888
-0.77018
-1.19622
-0.38983
-0.81709
-0.56319
0.33824
-1.06635
-0.79624
-0.53804
-0.48894
-1.10026
-0.45977
-1.04018
-1.04412
-0.29877
-0.50597
0.99397
-1.19465
-0.54410
-0.42675
0.90525
-0.70444
-0.72107
-0.10418
-1.18275
-0.77643
-0.35841
-1.18837
-1.01488
-0.71310
-0.99112
0.18197
-0.95561
-0.77986
-0.39756
-0.69540
-0.93424
-0.63684
-0.38034
0.14458
-1.17498
-0.16347
-0.81527
-0.58497
-1.07629
-0.58676
-0.38706
-0.76887
-0.70141
-0.31284
-0.48598
-0.69449
-0.90157
-0.02011
-0.57821
-0.88398
-0.50599
-0.46641
-0.92274
0.19672
-1.18133
-0.28870
-0.38295
-0.64364
0.32393
-0.45850
-1.05161
-0.98477
-0.76662
-0.70214
-1.00984
-0.44604
-0.72621
-0.07398
-0.56533
-0.73158
-0.79444
-0.63224
-0.95267
-0.38004
-0.55081
-1.04719
-0.24068
-1.05640
-0.76818
0.09621
-0.66759
-0.30416
-0.63827
-0.46474
-0.55787
0.31352
-1.07988
-0.20314
-0.06952
-0.69105
-0.86366
0.34552
-0.38102
-0.94572
-1.06754
-1.19174
-0.74752
-0.94424
-0.44298
0.12124
-0.60690
-0.56561
-0.68585
-0.38016
-0.76518
-0.84979
-0.69341
-0.93604
-0.42081
-1.01334
-0.48027
-0.79868
-0.77878
-0.33183
-0.97044
-0.91573
-1.01152
-0.84545
-0.82763
-0.57399
-0.47682
-1.06075
-0.71580
-1.07855
0.75529
-0.32118
-0.81923
-0.51584
-1.13953
-0.52401
-1.19864
-0.72163
-1.13878
-0.27247
0.57322
-0.35677
-0.85690
-1.05804
-0.56412
-1.16054
-0.63555
-0.37076
-0.73578
-0.10615
-0.66868
-0.55385
-0.66234
-0.39388
0.18244
-0.24783
-0.59241
0.25137
-0.93055
-0.72813
0.51722
-0.11111
-0.83213
0.05344
-0.79069
-0.47518
-0.68023
-0.58797
-0.45381
-0.87014
-0.32444
-0.99072
-0.95295
0.60205
-0.60389
-0.79394
-1.05877
-0.39616
-0.92296
-0.96334
-0.63063
-0.53832
-1.03224
-0.65196
-0.95708
-0.50191
-0.53814
0.32187
-0.99484
0.56163
-0.88981
-1.01115
-0.20134
-0.63018
-0.95212
-0.70624
-0.48733
-1.11463
-0.47693
-0.92908
-0.19982
-0.54484
-0.18829
-0.35824
-0.37304
-0.26975
-1.15628
-0.79033
-0.59437
-1.04884
-0.31087
-0.55521
-0.48255
-0.05811
-0.57325
-0.29113
-0.71906
-0.79752
-1.13285
-0.57760
-1.04627
-0.70293
-1.18090
-0.95691
-0.47050
-0.60094
0.47342
-0.95749
-0.53509
-0.70276
-0.38350
-0.27645
-0.70465
-0.33168
-0.47482
0.22229
-0.72540
-0.57403
-1.05164
-1.13737
-1.03825
0.70423
-1.15912
-0.36765
-0.54433
-0.85245
-0.70558
-0.91501
-0.53541
-0.64340
-0.36912
0.24062
-1.15461
-0.39595
-0.09522
-0.88686
-1.16265
0.06513
-1.19708
-0.06082
-0.85212
-0.09077
-0.70165
-0.93461
0.23749
-0.92678
-0.98057
-1.02344
-0.79713
-0.91910
0.61862
0.36712
-0.70893
-0.51852
-0.70504
-0.66541
-1.17369
-0.81133
0.41249
0.39071
0.35985
-0.76154
-0.68663
-0.69332
-1.00313
-0.42495
-0.38307
-0.93312
-0.96822
-0.41162
0.77092
-0.79566
-0.78475
-0.53319
-0.84270
-0.88084
0.21969
-0.84093
-1.12919
-0.78746
0.11889
-0.91881
-0.67285
-0.45419
-1.03465
-0.44197
-0.27641
-1.17712
-1.05338
-0.84120
-0.58253
-1.16500
-1.16513
-1.14735
-0.33892
-0.65112
-0.45465
-0.84188
-0.70191
-0.46345
-0.48488
0.51230
-0.99191
-0.84926
-0.74728
-0.74277
-0.66985
-0.03356
-1.15437
-0.92432
-0.20462
-0.24378
-1.15703
-0.51324
-0.83397
-0.16450
0.11952
-0.69394
-0.92508
-0.73275
-0.12888
-0.78128
-1.04571
-0.99309
-0.77443
-0.87741
-0.42888
-0.74473
-0.46458
-0.05476
-1.12560
-0.33612
-0.87638
-0.85514
-0.10584
-0.30756
-0.51532
-0.70299
-0.46201
-0.97062
-0.85406
-1.16655
-0.60263
-0.58322
-0.72302
-0.75171
-0.39371
-0.58061
0.04976
-0.26371
-1.10778
-0.35007
-0.60600
-0.95624
-0.66904
-0.24175
-0.00164
-1.04353
-1.18408
0.80053
-0.52296
-1.14635
0.32908
-0.92314
-0.91215
0.02677
-0.88042
-1.14720
-0.43185
0.03221
-0.71695
0.14164
-1.17455
-1.02016
-0.39257
-0.03677
-0.96567
-0.92725
-0.75703
-0.87957
-0.35580
-0.62376
-0.80053
-0.38013
-1.09643
0.25153
-0.75025
-0.78519
-0.89896
-0.86169
-0.49286
-1.11051
-1.19678
-0.95056
-0.79453
-1.05656
-0.35195
-0.15295
-0.41838
-0.95135
-0.26423
-1.00731
-0.94735
-0.03826
-0.76017
-0.59221
-0.88498
-0.51986
0.01535
-0.89330
0.01457
-0.99641
-0.67539
0.55301
-0.97856
-0.41451
-0.54529
-0.87835
-0.68048
-0.66515
-0.84071
-1.11650
-0.12323
-1.10825
-0.67219
-0.59973
-0.72823
-1.01212
-0.64210
0.01155
-0.85493
-0.08562
-0.68995
-0.79133
-0.05378
-0.64362
-0.06934
-1.14337
-0.65962
-0.56331
-0.91355
-1.11487
-0.52393
-0.73768
-0.20816
-0.44684
-0.14428
-1.06571
-0.51119
0.18569
-1.12992
-1.09924
-0.98207
-0.71966
-0.24585
-0.51158
-0.58887
-1.11091
0.75187
-0.29467
-0.78752
0.42239
-0.48481
-0.81389
-0.65990
-0.76196
-0.86682
-0.60788
-0.88906
-0.30295
-0.54036
-0.81492
-0.48451
-0.15728
-0.15184
-0.86342
-0.87018
-0.83555
-1.02437
0.07816
-0.15132
-1.02174
-0.70145
-0.70901
-1.14153
-0.65535
-0.55992
-0.53968
-0.71746
-0.24756
-1.01631
0.02041
-0.11503
-0.28182
-1.11568
-0.69149
0.17785
-0.34276
-0.51941
-0.40677
-0.64576
-0.96543
-0.60447
-1.17909
0.04144
-0.37397
-1.01195
-0.72538
-0.91010
-0.66435
-0.56307
-0.57181
-1.08553
-1.13937
-0.52028
-0.81690
-0.19660
-1.01137
-0.03383
-0.84887
-0.71639
-0.59360
-0.70100
-0.61737
-0.78517
-0.82474
-0.76163
-1.05584
-0.43744
-0.36793
-1.10314
-0.44096
-0.68688
-1.07406
-0.07090
-0.75983
-0.55871
-1.13506
-0.34872
-0.75470
-0.06247
-0.67335
-0.98394
-0.03807
-0.56112
-0.43369
-0.74617
-0.45857
-0.87450
-0.77329
-0.36426
-0.82695
0.52125
-0.76959
-0.53673
-0.71088
-0.97192
-0.99897
-1.00745
-0.75443
-1.02061
-0.30167
-0.99376
-0.79996
-0.71880
-0.45307
-0.86607
-0.76778
-0.59226
-1.15616
-1.12422
-0.75676
-0.58120
0.15900
-0.81147
-0.17802
-0.93990
-0.50541
-0.23072
-0.57174
-1.10694
-0.63159
-0.97298
-0.45995
-1.05858
-0.64685
-0.76309
-0.53234
-0.47603
-0.64103
-0.62162
-0.01553
-1.00668
-0.94825
-1.17429
-1.19446
0.39413
-0.34926
-0.63648
-0.99882
-0.16673
-0.13631
-0.49059
-1.00504
-0.60868
-0.73537
-0.48758
-0.89096
-0.95756
-0.72907
-0.46055
-0.97173
-0.89570
-0.22435
-0.41458
-0.70387
-0.67299
-1.17621
-0.60879
0.32666
-0.28913
-0.65624
-0.87972
-0.10778
-1.19855
-0.37192
-0.82296
-0.62179
-1.04737
-0.71824
-0.40780
-1.04684
-1.12054
-0.55280
-0.41350
-0.16139
-0.05441
-0.31685
-0.68800
-0.41801
0.66462
-0.97773
-0.99600
-0.89091
-0.64434
-1.02917
-0.39019
-0.48202
-1.09235
0.05480
-0.38916
-1.15962
-0.96093
-0.31339
-0.78959
-0.13361
-1.00964
-0.65417
-0.78866
-0.66725
-0.73971
-0.57341
-0.69652
-1.17870
-0.94008
-0.96802
0.17883
-0.32042
0.20149
-0.63709
-0.39667
-0.92055
-0.02743
-0.84206
-0.16892
-0.34755
-0.99241
-0.88534
-0.92547
0.18319
-0.56232
-0.51419
-0.77084
-0.67157
-0.83713
0.10672
-0.53934
0.07301
-0.88349
-0.41762
0.15721
-0.51799
-0.94587
-0.72466
-0.39664
-1.18946
-0.50810
-0.53614
-0.67462
0.04661
-0.86789
-0.78351
-1.10009
-0.90835
-0.84269
-0.16335
-1.05599
-0.63730
-0.68304
-0.93613
0.30885
-0.32696
0.22311
-0.61864
-0.84018
-0.60455
-0.69323
-0.24676
-0.76348
-0.78288
-0.66856
-1.18233
-0.45748
-0.81588
-0.55885
-0.28289
-0.31715
-0.75807
0.22830
-0.83805
-0.31650
-0.47233
-0.84205
0.62264
-1.00678
-0.15313
-1.01791
-0.63812
-0.33310
-0.68856
-0.93793
0.05668
-1.05319
-1.10801
1.32438
-0.33684
-0.91446
-0.51964
-0.49105
0.13719
-0.03740
-0.88624
-0.58998
-0.42232
-1.17554
-0.57189
-0.66636
-1.19818
-0.01755
-0.58943
-0.75658
-0.16296
-0.79071
-1.03957
-0.52921
-0.53151
-0.30994
-0.76474
-0.05664
-1.17977
-0.77224
-0.96190
-0.56863
-0.50637
-0.21945
-0.97124
-0.94602
-0.64985
-0.52532
-0.53557
-0.44551
-0.67577
-0.03643
-1.05783
-1.07002
0.01591
0.41085
-1.16145
-0.94795
-1.08542
-0.05786
-0.94246
0.69805
-0.94543
0.23198
-0.94434
-0.72505
-0.10169
-0.63924
-0.74409
-0.27986
-1.16157
-0.71606
-0.42105
-0.69151
-1.15453
-0.96112
-0.74795
-0.17343
-0.90599
-0.76808
-0.96493
-0.09183
-1.16086
0.45892
-1.12224
-0.66394
0.48366
-0.98641
-0.15474
-0.66550
0.26753
-1.15929
-1.12912
-1.09261
-0.52457
-1.13353
-0.53164
-0.27682
0.18024
-0.27958
-0.96828
-1.02229
-0.18732
-1.16668
-0.91817
-0.24571
-0.87523
-0.51348
-1.09092
-0.12181
-1.05204
-0.60984
-0.81613
-0.18565
-1.15281
-0.47461
-0.98060
-0.40907
-0.63923
-1.04463
0.44564
-1.19809
-0.23320
-0.83989
-0.67534
-0.22592
-0.96629
-0.14369
-1.19661
-0.71105
-0.93348
-1.10620
-0.64801
-0.59786
-0.27149
-0.48662
0.08237
-0.77180
-0.63947
-0.69726
-0.14108
0.32385
-0.82851
-0.28323
-0.95291
-0.90004
-0.81341
-1.03735
-0.41478
-0.17787
-0.80557
-0.66142
-0.58193
-0.93142
-0.70284
-1.15063
-0.85359
-0.81757
-0.57066
-1.18729
-0.17234
-0.71943
-0.38944
-0.94104
-0.77638
-0.30218
-0.41834
-0.67259
-0.97466
-0.23216
-1.17445
-0.57072
-0.97359
-0.16728
-0.24055
-0.30119
-1.19588
-0.41848
-0.92430
-0.83436
0.03250
-1.10067
0.28296
0.05173
0.16379
-0.28758
-0.57371
-0.04431
-0.87699
-0.70189
