0.80546
0.09161
2.31774
1.33424
2.64351
1.50089
2.67105
0.99730
0.00069
0.69846
0.93105
3.65611
2.39494
1.42052
1.26284
0.86717
2.53219
0.83551
2.95001
1.34242
2.46478
2.17167
0.97577
-0.91004
1.20094
1.71827
1.58189
-0.01363
0.37482
-0.59650
2.22375
3.71245
0.92798
-0.12706
-0.05025
2.24269
1.32342
1.85692
2.84673
0.71531
-0.22208
0.06185
0.75854
0.24048
1.44225
0.11679
2.80635
0.36349
1.47357
-0.20749
2.83189
0.48034
0.57092
-0.27642
2.98452
3.23126
1.85663
0.94351
1.78861
1.44114
0.33985
0.88377
1.76071
2.61130
0.28017
1.06655
2.12102
-0.15334
1.84208
0.90231
-0.00287
2.10403
2.24158
0.80202
3.15802
2.44228
2.12116
2.52095
1.23040
0.81908
2.35535
0.31524
1.18644
-0.23228
0.90175
-0.51682
1.14019
-0.48484
3.03675
2.31742
-0.05322
2.12901
1.78959
2.13956
0.75640
1.58154
1.27332
0.85252
2.22203
0.54548
0.64167
-0.61904
0.58275
-0.89647
0.09926
1.54945
0.39430
-0.00856
2.16983
-0.45467
1.14448
0.51532
-0.48922
2.27644
0.13795
0.35029
-0.30839
0.61677
1.09300
0.54475
2.70352
0.33508
0.73808
-0.53864
1.81387
0.82415
1.97877
2.16268
0.30412
1.33216
2.40306
1.93473
0.90025
0.85899
1.90187
3.67241
2.66484
0.93253
0.38741
2.39792
0.75381
0.71077
1.64877
1.23956
3.62379
1.14311
1.49211
-0.53426
2.24926
0.47251
1.29297
1.40050
0.10203
0.12966
0.70566
1.33955
0.38957
0.48235
1.28368
-0.81553
1.25852
0.93923
0.27394
0.74620
-0.02382
-0.71688
2.89743
1.36990
-0.31444
1.03924
1.70055
-0.44956
0.13867
-0.18160
-0.00291
0.89452
3.37799
0.71607
2.75282
0.40609
0.00844
0.55579
2.14964
0.88427
0.23122
0.67893
0.64584
1.94673
-0.02173
0.10800
2.44948
1.23606
2.55240
0.45214
-0.14012
-0.69685
0.29665
0.12046
-0.44506
0.27259
