0.66415
0.49570
-0.60005
1.05580
-0.32654
-0.88260
-0.09187
-0.04239
0.45830
0.22345
0.65320
-0.04825
-0.01227
-0.07922
-0.01385
-0.64731
0.37206
0.63352
0.61099
0.64218
-0.14942
0.83854
0.40241
0.02308
-0.07178
-0.54813
0.26253
1.21470
1.88641
-0.02364
0.12254
1.90093
0.03532
0.02773
-0.70534
0.84378
-0.41466
-0.11888
-1.05383
0.25167
0.06764
0.00402
-1.17268
0.24868
-0.10848
-0.16720
0.33972
-0.19972
-0.05227
1.92397
0.21019
1.00150
0.20229
0.12470
0.46300
-0.41602
-0.06365
0.03481
-0.34611
0.03747
0.81778
1.00321
0.62650
0.83449
0.91106
0.85664
-0.23005
0.34075
0.19878
2.57044
0.31476
-0.27643
0.23499
-0.72944
0.63341
0.46722
1.06140
0.59586
0.00029
0.81002
-0.15912
2.20860
0.20252
1.01398
-0.86684
-0.96861
0.48088
0.12889
0.31687
-0.96202
1.09832
0.12891
-0.03255
-0.22521
0.26896
-0.48710
-0.41247
-0.28653
0.28351
0.17641
3.64285
-0.10965
0.06999
0.47172
0.86121
0.54241
-0.20153
1.19158
2.66488
0.53386
0.72470
0.05552
-0.11710
-0.02468
0.74681
0.60988
0.41172
0.76330
0.31413
-0.25655
-0.01115
-0.01989
-0.04074
1.36534
0.66896
-0.38655
-0.56497
1.74995
0.42361
-0.40707
0.51151
2.10189
1.31623
0.51742
1.40461
1.66258
-0.68875
-0.30150
-0.48072
-0.42500
0.17446
-0.43880
1.63879
0.93078
1.14259
0.32437
-0.65618
0.45061
0.76313
0.29313
0.44515
-0.57166
-0.32886
-0.32814
0.84409
0.25717
1.04322
-0.06161
1.07428
-0.37480
0.03173
1.26445
-0.13443
1.14072
-0.37625
0.18974
1.20607
-0.10022
-0.18770
-0.31525
0.63869
0.21252
0.19226
-0.14330
-0.14135
0.35685
0.34255
0.55432
0.20006
0.92527
-0.00208
-0.06826
0.52804
-0.29882
-0.58542
-0.02045
-0.48049
0.97627
-0.65161
0.74019
0.86483
0.14349
1.13904
0.13806
0.16639
-0.54217
-0.24241
0.16140
0.22365
0.25129
