-1.15522
-1.22579
-1.24177
-0.88949
-0.99158
-0.65304
-0.25716
-0.61740
-0.88606
-0.87081
-0.73383
-0.85018
-0.84863
-0.90934
-0.46870
-0.86325
-0.59619
-1.09664
-0.32913
-0.88072
-1.14352
-0.81145
-0.97459
-0.99604
-1.07639
-0.41674
-0.79214
-0.39101
-0.96232
-0.51289
-0.93506
0.19668
-0.99587
-0.32910
-0.68270
-0.35964
-0.80609
-0.86876
-0.88785
0.18767
-0.75905
-0.25232
-0.58801
-0.65495
-1.04296
0.33763
-0.98572
-0.96271
-0.49928
-0.72440
-0.93328
-1.14860
-0.78899
-0.61025
-1.04077
-0.71241
-0.85905
-1.01945
0.03084
-0.82468
-0.85795
-0.17964
-0.72037
-0.47857
-1.15350
-1.06334
-1.21667
-0.86892
-0.56547
-1.16057
-0.64221
-0.60320
-0.66743
-1.08717
-0.84520
-0.54730
-0.43983
-0.31009
-0.25157
-0.73743
-0.65620
-0.31315
-0.54274
0.95241
-0.54589
-0.03947
-1.15019
-0.43755
-0.56965
-0.72983
-0.58747
0.02321
-0.69919
-0.02576
-0.83031
-0.33746
-0.42142
-0.70598
-1.10299
-0.39708
-0.27280
-0.88069
-0.01762
-1.01420
-0.84186
-0.60548
-0.94572
-0.73124
-1.05298
-1.16932
-0.93962
-0.62201
-1.12624
-0.54318
-1.01395
-0.78545
-0.62255
-1.19492
-0.92751
-1.10579
-1.24289
-1.06967
-0.17711
-0.68779
-1.21653
-0.75480
-0.41980
-0.78155
-0.97791
-0.47973
-0.73574
-1.10283
-0.79972
-0.68736
-0.73706
-0.76157
-1.12748
0.71740
-0.70957
-0.35874
-0.53210
0.24907
-0.97007
-0.11097
-0.82255
-0.75933
-1.22467
-0.41328
-0.63724
-0.65061
0.35270
-0.90060
-1.08081
0.19809
-0.95984
-0.85603
-0.96637
-0.84607
-0.84515
-0.52104
-1.03018
0.26835
-0.89308
-0.64242
0.23087
-0.60791
-0.33574
-0.31207
-0.37426
-0.50180
-0.59403
-0.28890
-0.86438
-0.92183
-0.58779
-0.06097
-0.96210
-0.74489
-0.74058
-0.77346
