-0.99272
-0.64253
-0.45650
0.84145
-0.70264
-0.86937
-0.01883
0.01442
-0.92591
-1.15522
-1.22579
-0.22831
-0.05658
-0.82515
-0.69906
-1.24177
-0.45276
-0.43901
-0.17187
-0.54457
-0.16841
-0.59157
-0.77236
0.93048
-1.05002
-0.10837
-1.08029
-0.88949
0.64174
0.23328
-0.71644
-0.25368
-0.84839
-0.63664
0.91337
-1.16619
-0.80463
-0.99158
-0.82405
-0.65304
0.77353
-0.44392
-0.88262
-0.25716
-0.66324
-0.72551
-0.94442
-0.61740
0.14725
-0.42924
-0.61941
-0.38541
-0.98207
-1.06220
-0.88606
0.58117
-0.38848
-0.61730
-0.51333
-0.90955
-0.87081
0.31924
-0.53373
-0.26434
-0.28290
-1.08380
-0.73383
-0.81845
-0.07435
-0.85018
-1.16800
0.22834
0.33136
0.27588
-0.96594
-0.84863
-0.27710
-1.11498
-0.11609
-0.54491
-0.88689
-0.64958
-0.61878
-0.74321
0.02083
-1.11987
-0.90934
-0.53576
-0.93449
-0.46870
-0.30036
-0.87946
-0.90062
-0.86325
-0.62550
-0.22780
-0.61079
0.26084
-1.06436
-0.34042
-0.53440
-0.59619
-0.91496
-0.12996
-0.69557
-0.64340
-0.81885
-0.69928
-1.09664
-0.51483
-0.62878
-1.00082
-0.35791
-0.81753
-0.32913
-0.82056
-0.68602
-0.42167
-0.88072
-0.14836
-0.56136
-1.02954
-1.14352
0.01418
-0.43861
-1.06472
-0.68421
-0.16790
-0.83122
-0.23351
-0.51183
-1.05245
-0.02126
-0.78470
-0.84691
-0.81145
-1.07037
-0.97459
-0.44243
-0.26657
-0.34002
-1.05258
-0.30347
-0.93197
-0.84570
-0.95044
-0.09512
-1.24205
-0.99604
-1.08222
-1.07639
-0.41674
-0.94914
-0.34134
-0.69753
-0.75473
-0.79214
-0.64511
-0.76187
-0.40756
-0.46805
-0.52688
-0.39101
-0.88492
0.35619
-0.60293
-0.09861
-0.29238
-1.14945
-0.96232
-0.49916
0.01828
-0.80749
-0.58211
-0.87503
-0.51289
-1.15134
0.03362
-0.89428
-0.23866
-0.42421
-0.33178
-0.87857
-0.93506
-0.69531
0.25459
-0.71008
-0.10435
-1.14856
-0.12155
0.19668
-0.59092
-0.88962
-0.55083
-0.66914
-0.74958
-0.31749
-0.27505
-1.00002
-0.99587
0.46195
-0.84697
-0.57398
-0.76692
-0.08392
-0.32910
-1.06774
-0.76765
-1.13595
0.33337
-0.79151
-0.28831
-0.47835
-0.35185
-0.68270
-0.35964
-0.87118
-0.07461
-1.06872
-0.01079
-0.27391
-0.48788
-0.91696
-0.80609
-0.47423
-0.89334
-0.62085
-1.15902
0.30152
-0.86876
-0.32292
-0.88785
-0.56134
-0.62530
-0.45186
-0.83929
-1.11614
0.18767
-1.16799
-0.31422
-0.96580
-0.35250
-0.89620
0.14536
-0.75905
-0.43425
-0.78708
-1.12815
-0.25232
-0.57664
-0.58801
-0.94983
-0.65495
-0.65926
-0.43767
-0.95451
0.05031
-0.66508
-0.88008
-1.08113
-1.04296
0.33763
-0.62902
-0.20321
-0.97966
-0.82530
-0.81254
0.54869
-0.91670
-0.10567
-0.41303
-0.92626
-0.44274
0.08973
-1.06281
-0.51727
-0.52152
0.06041
-1.17654
-0.98572
-0.65226
-0.96271
-0.57929
-0.19773
-0.81533
-0.49928
-0.73941
-0.95141
-0.12680
-0.46198
-0.72440
-0.82182
-0.30050
-0.79860
-0.77050
-0.73332
-0.33676
-0.60466
-0.52302
-0.70432
-0.72689
-0.51116
-0.70938
0.25993
-1.24005
-0.93328
-0.71397
-0.80099
-1.14860
-0.21363
-0.94204
-0.78899
-0.18486
-0.56194
0.09968
-0.91910
-1.13373
-0.61025
-0.79053
-0.38762
-0.81789
-0.37622
-0.82327
0.45497
-1.22735
-1.04077
-0.26916
-0.95522
-0.46463
-0.71241
-0.43925
-1.20877
-0.85905
0.14232
-0.17097
-0.57395
-0.45757
-0.66956
-1.24040
-1.01945
-0.43902
0.03084
-0.99908
-0.57421
-0.82071
-0.73469
-0.99027
-0.82468
0.39939
-1.10933
-0.85795
-0.29014
-0.17964
-0.27076
-0.71835
-0.94796
-0.01119
0.81223
-0.51696
-0.36575
-0.85535
-0.57967
0.46440
-0.31265
-0.72037
-0.04026
-1.01532
-0.47857
-0.76261
-0.13917
-0.56945
0.01501
-0.96687
-0.37348
-1.15350
0.06100
-0.13768
-1.08266
-1.06334
-0.19856
-0.65991
-1.21667
-0.37619
-0.87901
-0.92257
-0.98741
-0.86892
0.19590
-0.82016
-1.10525
-0.29028
-0.88446
-0.27041
-0.56547
-0.06696
-0.21222
-0.80121
-0.67936
-0.58220
-0.62448
-0.76034
0.43691
-0.85970
-0.71602
-0.78635
-1.16057
-0.64221
1.08584
-0.96475
-0.71902
-0.68229
0.01888
-0.42177
-0.60320
-0.70218
-0.57070
-0.34493
-0.66743
-0.55889
-0.27960
-0.93265
-1.02528
1.64641
-1.24331
-1.08717
0.62958
-0.62646
0.05127
-0.36708
-0.73787
-0.79120
-0.01701
-0.16542
-0.50854
-0.11077
-0.84149
0.19312
-1.12470
-0.96901
-0.84520
-0.54730
-0.80572
-0.83638
-1.09435
-0.43983
-0.59830
-0.31009
0.05057
-0.91590
-1.23124
-0.25157
0.31488
-0.33662
-0.88206
-0.37325
-0.46992
-1.07104
-0.73743
-0.10843
-0.75515
-0.65620
-0.65474
-0.97958
-0.27023
0.21339
-1.13037
-0.31315
-0.85414
-0.32481
-0.03999
-0.08981
0.21323
-0.51841
-1.07808
-0.54274
-0.37983
-0.64287
-0.79710
-0.34799
-1.18187
0.95241
-0.84849
0.10051
-1.12463
-0.63261
-0.54589
-0.16466
-1.14603
-0.03947
-0.52074
-0.50558
-0.28196
-0.31821
-0.56371
-0.08647
-0.71241
0.72449
-1.03125
-0.60926
-0.74064
-0.52756
-0.72031
-0.95305
-0.21715
-0.66826
-1.18406
-1.15019
-0.55753
-1.08892
-0.94337
-0.43755
-0.31906
-0.17697
-0.52183
-1.19105
-0.56965
-0.01738
-1.00727
-0.72983
-0.46455
-0.87019
0.21003
-0.52977
-0.88271
-0.58747
-0.89481
-0.81905
-0.54988
-0.63196
0.02321
-1.18690
-0.39294
-0.69919
-0.46055
-0.42136
-0.91230
-0.39594
-0.02576
-0.99232
-0.29905
-1.24213
-0.83031
-0.71138
-0.33746
-1.07310
-0.57918
-0.90888
-0.51187
-0.00798
-0.00057
-1.15865
-0.15674
-1.17382
-0.42142
0.02698
-1.24006
0.04762
-0.70598
-0.66636
0.60170
-0.74838
0.15350
-0.71451
-1.10299
-0.04306
-0.78338
-0.63081
-0.39708
-0.85877
-0.97298
-0.27280
-0.52535
-0.40735
-0.96892
-1.18159
-0.88069
0.39093
-0.76669
-0.58976
-1.18986
-0.01762
0.22143
-0.35737
-0.70919
-0.95033
-0.15278
-1.01420
-0.09277
-0.74186
-0.57893
0.17279
-1.04010
-0.84186
-0.60548
0.08997
-0.61853
-1.04069
0.29163
-0.12247
-0.90595
-0.79693
-0.12519
-0.44298
-0.94572
-0.89360
-0.56322
-0.45225
-0.46944
-1.09527
-0.56768
-0.73124
-1.03480
0.21597
-1.21498
-0.54085
-1.05298
-0.13281
-0.67969
-1.18675
-1.16932
-0.93962
-0.32134
0.28231
-0.35244
-0.59786
-0.62201
-1.01327
-0.70724
0.41532
-0.64540
-0.39095
-0.87577
-1.03889
-0.86113
0.03868
-0.73200
-0.64639
-1.12624
-0.54318
-0.44483
-0.99903
-1.01395
-0.43591
-0.37509
-0.80627
-0.39323
-0.75799
-0.25635
-0.78545
-0.85754
-0.62255
-0.03977
-0.77493
-0.45659
-0.88099
0.04963
-1.13971
-0.31106
-1.15142
-1.19492
-0.22642
-0.77547
-0.92751
-0.51380
-0.35701
-0.57249
-0.84656
-1.08376
-0.32686
-1.10579
-0.80320
-1.24289
-1.06967
-0.79488
-0.05659
-0.36974
-0.93687
-0.55112
-0.77740
-0.68879
-0.37369
0.38227
-1.12185
-0.12813
-0.54789
-0.67254
-0.17711
-0.68779
-0.58574
-1.17424
-0.12247
0.60364
0.17266
-0.74779
-1.21653
1.86849
-0.50831
-0.71537
-0.72225
-0.50943
0.16598
-0.38824
-0.86490
-0.84799
-0.75480
-0.98667
0.10186
-0.39379
-0.08582
-0.47264
-0.41980
-0.77489
-0.28990
-0.61354
0.13208
-0.95772
-0.78155
-0.37541
-0.73468
-0.88628
-0.97791
-0.47973
-0.80976
-0.21930
-0.50596
-0.90408
-0.20280
-0.84105
-0.73574
-0.02699
-0.63467
-0.71556
-0.60246
-0.95403
-0.86679
0.13922
0.14423
-1.12020
-1.10283
-0.43804
-0.79972
-0.68736
-0.88292
-0.96317
-0.00968
-0.30253
-0.89571
-0.25243
-0.16710
-0.98734
-0.58401
-0.55111
-0.65846
-0.98125
-0.73706
0.32983
-0.93896
-0.94955
-0.25554
-0.74812
-0.39155
-0.70820
-0.81981
-0.76157
-0.53101
-0.21706
-0.60402
-0.90840
0.79994
-1.00528
0.07787
-0.92668
-1.12748
0.71740
-0.74387
-0.30305
0.34453
-1.10056
-0.66287
0.67581
-0.90964
0.34758
-0.71828
-0.77766
-0.49840
-0.69532
-0.70957
-0.35874
-0.65677
-0.00301
-1.00270
0.24844
-0.87693
-1.01146
-0.53210
-1.08907
-0.60900
-0.47994
-0.59215
-0.71067
0.24907
-1.13709
0.14216
-0.95508
-0.92098
-0.54187
-0.55441
-0.92342
-0.13724
-1.01068
-0.97007
-0.72808
-0.11097
-0.23994
-0.51379
-0.94954
-0.82255
-0.20894
-0.96935
-0.04761
0.02659
0.22552
-1.08459
0.30273
-0.95680
-0.77042
-0.20611
-0.98846
-0.75933
0.00041
-0.53649
-0.77944
-0.87502
-0.38785
-0.97819
0.06695
-1.01344
-1.22467
-0.68154
-0.41328
-0.57821
-0.78620
-1.01291
-0.37672
-0.63724
-0.44329
-0.69079
0.15820
-0.65061
-0.75850
-0.99296
0.35270
-0.70789
-0.90060
-0.88217
-0.85844
0.37551
0.56782
-0.69778
-1.09474
-0.41962
-0.58971
0.61763
-0.80646
-0.46439
-1.08081
0.19809
-0.57986
-0.51364
-0.64583
-0.67657
-0.95641
-0.37257
-0.34008
-0.95984
-0.55708
-0.97049
-0.03175
0.20255
-1.00135
-0.85603
-0.53691
0.15459
-0.96637
-0.51436
-0.96542
0.05271
-0.33267
1.00798
-0.75175
-0.84607
-0.06446
-1.03532
-0.25917
-0.92253
-0.52400
-0.84515
-0.52104
0.12677
-0.75253
-1.03018
0.26835
-0.49057
0.12259
-0.91701
-0.48960
-0.51816
-0.23182
0.12996
0.45968
-0.83699
-0.63794
-0.79693
-1.23136
-0.89308
-0.64242
0.17271
-0.98296
0.25177
-0.85930
-0.86842
0.23087
-0.77415
-1.06233
-0.60791
-0.55602
-0.21583
-0.40256
-0.53639
-1.12389
-0.33574
0.14591
-0.34655
-0.75712
-0.65567
-0.22289
-0.94314
-0.31207
-0.10722
-0.82930
-0.37426
0.27347
-0.09657
-0.14625
-0.83272
-0.28294
-0.72288
0.04209
-0.94303
-0.50180
-1.07929
-0.43036
-0.18794
-0.59403
-0.86372
-0.55789
-0.96397
-0.08967
-0.37629
-0.28890
-0.77846
-0.10178
-0.10852
-0.37911
-0.30316
-0.09813
-1.23738
-0.86438
0.83624
-0.82569
-0.92183
-0.58779
-0.09443
-0.06097
-0.84466
0.05314
-1.06570
-0.10802
-0.65607
-0.53866
-0.66014
-0.96210
-0.99125
-0.74489
-0.83600
-0.32567
0.30263
-0.05321
-0.50387
-0.66108
-0.88754
-0.74058
0.26797
-0.82955
-0.77346
-0.51319
0.68224
-0.39736
-0.39139
-0.74373
