0.26274
-0.01102
0.91260
0.42321
1.85127
1.76816
1.06972
1.26834
0.38551
1.62125
-0.56928
2.08454
0.19834
0.61325
1.46369
1.51473
-0.81660
4.50488
0.21542
-0.16094
2.88236
0.67898
-0.40868
2.46476
0.73510
0.27632
0.88112
2.20037
-0.62481
0.97620
0.48336
0.82021
-0.23351
-0.62222
0.08365
0.77546
2.14113
0.34219
3.44080
1.23622
-0.21579
2.03135
0.37664
-0.45531
1.89583
1.55836
-0.89784
1.02613
-0.14246
1.69125
1.88650
4.53375
0.23772
4.06660
1.95342
1.89625
0.74586
0.55260
0.29937
1.98938
0.14884
1.43536
-0.73303
0.93137
0.95208
-0.09901
2.17945
1.55407
0.94723
0.22680
1.94653
-1.06120
-0.76109
0.90104
0.17818
-0.59835
0.14594
1.06722
1.05211
2.27196
2.17907
-0.05710
-0.54823
0.51669
0.30800
-0.22365
0.33896
2.09823
-0.51992
3.08227
0.63080
0.87678
1.15634
0.08024
1.04270
0.20235
-0.28955
-0.09251
0.79040
-0.44422
0.36945
-0.02001
0.11441
-0.25389
-0.46972
-0.32771
0.45697
1.42039
2.16928
2.67889
2.77887
2.33396
0.89388
0.11544
0.02731
-0.25707
-0.54491
2.06560
0.90460
0.45015
0.92347
1.44981
0.82875
2.40600
0.26456
6.48328
0.20658
2.05248
-0.22840
0.40189
-0.10067
-0.12156
3.34705
-0.26720
0.56746
0.84940
0.77542
-0.29468
1.15493
0.72955
-0.27501
0.52444
0.53709
0.21629
3.24740
0.53873
0.32035
2.06077
-0.24012
-0.17061
-0.02222
1.64531
-0.17108
-0.08314
1.23627
-0.08365
-0.32116
0.48193
0.08287
-0.21889
-0.85425
-0.05126
2.87601
2.35215
0.40519
0.19348
-0.57305
1.15061
0.44461
0.13052
1.09976
1.67195
1.68259
0.01247
-0.19698
0.31450
1.58445
1.54113
0.24210
0.06678
1.07647
