0.23698
-0.57064
-0.42801
-0.74213
0.53424
-0.73137
-1.02170
-0.41270
0.47206
-0.66324
-0.81120
-0.84354
0.14901
-0.42983
-0.15443
-0.73479
-1.12676
-0.15518
-0.42367
-1.06271
-0.32001
-0.32508
-0.20354
-0.99555
-0.81381
0.44177
-0.87412
-0.88084
-0.51702
-0.20855
-0.78720
-0.43573
-0.86261
-0.84113
-0.70852
-0.53723
-0.81324
-0.42025
-1.06353
-1.08458
-0.64351
0.49998
-0.93132
-0.97890
-0.86408
-0.45495
-0.13995
-1.21111
-1.06644
-0.57142
-0.49159
0.09902
-0.40085
-0.66289
-0.83506
-0.53248
-0.30749
-0.03305
-0.58416
-0.33295
-0.70002
-0.50692
-0.62506
-0.48951
-0.93764
-1.02902
-0.51634
-0.48003
-0.62655
-0.15190
-1.20875
-0.95468
-0.99331
-0.30309
-0.61584
-0.38096
-1.06745
0.47120
-0.69062
-0.96516
-0.68369
-0.21785
-0.21110
-1.14404
-0.85181
-0.93559
-0.78415
-0.61051
-0.89891
-0.45946
-0.88152
-1.12230
-1.11882
-0.42279
0.03984
-0.80699
-0.31701
-0.57809
-0.14260
-0.30840
-0.87627
-1.01153
-0.63742
0.03405
0.18432
-0.74338
0.14475
-1.19363
-1.10355
-0.45868
-0.75191
-0.76287
-0.97756
-0.73105
0.12479
-1.07913
-0.45388
-0.53952
0.77699
-0.30477
-0.45802
-0.82420
-1.07743
-1.16917
-0.66130
-0.07684
-0.87573
-0.72641
-0.64491
1.60620
-0.91615
0.46803
-0.80372
-0.45583
-1.14445
-1.00400
-0.47664
-0.92054
-0.56870
-0.53614
-0.49576
-0.73053
-0.99796
-0.11689
-0.67449
-0.66614
-0.78756
-0.67582
-0.97006
-0.91581
-0.06968
-0.49607
-0.66050
0.03846
-1.00400
-0.69125
-0.66174
-0.58957
-0.10450
-1.21385
-1.07189
-0.65309
-0.00134
-0.63798
-0.86772
-0.30718
-0.77923
-0.21326
-0.20764
-0.71517
-0.48297
-0.76194
-0.97442
-0.61513
-0.84202
-0.40338
-0.79488
-0.15847
-0.61632
-1.00230
1.27307
-1.04565
0.27124
-0.27149
-0.89351
-0.80381
-0.83944
-0.45737
-0.80062
-0.58624
-0.50619
0.22259
-0.77702
-0.58786
-1.06111
-0.18784
-0.34040
-0.45814
0.15364
-1.00564
-0.77917
-0.41552
-1.15902
-0.65465
-0.07818
-0.52278
-0.40723
-0.64575
-0.65398
-1.05955
-0.01626
-0.83753
-0.78886
0.15875
-0.05865
-1.07274
0.05386
0.39480
-0.55844
-0.99139
0.47190
-0.03794
-0.86489
-0.43920
-0.80669
-1.08710
-0.04597
-0.75639
-0.46067
-0.96695
-0.73392
-0.43124
-0.02883
-1.20662
-0.82417
-0.51711
-0.33248
-0.86133
-0.06674
0.58335
-0.85786
-0.60350
0.53708
-1.00496
-0.11647
-0.02270
-0.88387
-0.66380
-0.71286
-0.64265
-0.70547
-0.77177
-0.52255
-0.61927
-0.58690
1.13087
-1.14182
-0.68726
-0.00337
-1.15402
-1.04248
-0.24304
-0.52282
-1.01432
-0.99641
-0.70742
0.36594
0.40070
-0.08794
-0.52487
-0.36038
-0.66269
-1.02845
-0.58355
-0.22119
-0.39357
-0.41507
-0.86692
-0.71285
0.43859
-0.75168
-0.08063
-0.31090
-0.26949
-1.21209
-1.09161
-0.92985
-0.87314
-0.12386
-0.45338
-0.50650
-0.98534
-0.11962
-1.02959
0.30177
-1.04650
-0.38139
-0.07100
-1.12228
-1.19713
2.73219
-0.78932
-0.31847
-0.74303
-1.21025
-0.79131
-0.85229
-0.96633
-1.20409
-0.55843
-0.73685
-0.84050
-0.33700
0.42064
-0.87884
-0.71427
0.87565
-0.93448
-1.02817
0.12665
-0.62711
-0.55964
-0.52443
-0.43836
0.29720
-1.10342
0.00370
-0.79410
-0.45366
-0.98609
-0.88109
-0.95485
-0.97258
-0.43373
-0.48290
-0.71861
0.04501
-0.61553
-1.04844
-0.19673
-0.78006
-0.56546
-0.78825
-0.80565
-0.47309
-0.78020
-0.94214
-0.32921
-0.48671
-1.01226
-0.11265
-0.82635
-0.19844
-0.97550
0.50909
-0.47273
-0.82358
-0.68736
-1.12654
-0.64554
-0.79715
0.31275
-0.97629
-0.92632
-0.53320
-1.11578
-0.37563
-1.03718
-0.67523
-0.63264
-0.60650
-0.76944
-0.74431
0.09967
-0.34857
-0.19479
-0.59203
-0.56921
-0.39543
-1.00596
-0.45819
-0.26318
-0.33014
-0.53148
-0.82788
-0.58160
-0.27823
-1.19846
-0.43637
-0.62518
-0.75626
-0.87545
-0.12392
-0.94694
-0.57235
-0.70710
0.42203
-1.08167
0.74254
-0.89153
0.32701
-0.61416
-0.84006
-0.40448
-0.09764
-1.18226
1.94162
-0.82083
-0.94986
-0.02404
-0.09035
-0.50070
-1.16943
-0.74037
-0.24835
-1.13261
0.24311
-0.59784
0.46936
-0.59203
0.05996
0.00891
-0.44430
-1.17487
-0.47079
-0.87863
-0.60290
-0.10707
-1.09605
0.48608
-0.85954
0.24667
-0.47037
-0.92027
-1.16076
-0.72993
-0.88609
-0.83252
-0.79189
-0.55490
-0.89937
-0.70699
-1.05121
-0.98757
0.18074
-1.11800
-1.19270
-1.16135
-0.58765
-0.94608
-1.12447
-0.49432
-0.53257
-0.95207
-1.02907
-0.10783
-0.38211
-0.74972
-0.07036
-0.32523
-0.80336
-0.75456
0.11294
-0.77242
-0.52847
-0.99846
-0.12344
-0.42346
-0.60435
-0.78713
-0.99294
-0.61376
-0.14980
0.40875
-0.90840
-0.35940
-0.89906
-0.83424
-1.14711
0.81955
-0.78368
-0.73346
-0.92231
-0.33847
-0.97657
-1.15979
-0.54742
-0.43417
-0.81503
0.39184
-0.83824
-0.70285
-0.21776
-0.78278
-0.84560
0.45488
-0.91804
-0.63386
-0.78822
0.30232
-1.09837
-0.30436
-0.69831
-0.80042
-1.14475
-0.06122
-0.66886
-0.76663
0.18936
-0.78833
-0.32905
-0.23923
-1.12262
-0.73760
-0.87177
-0.59781
-0.76103
-0.40184
-1.00567
-1.11001
-0.23324
-0.68183
-0.71429
-0.62833
-0.55852
-0.57362
-0.82577
0.01841
-0.58089
-0.70694
-0.33679
-1.09810
-0.90813
-0.67600
-0.73318
0.07689
-0.82802
-0.78117
-0.68621
-0.42104
0.07659
-0.87818
0.15084
-0.58213
-0.28792
-0.37644
-0.80472
-0.10024
-1.03486
0.21706
-0.94722
0.41983
-0.91770
-0.06991
-0.89900
0.29340
-1.08873
-0.88619
0.18747
0.11991
-0.06801
-0.59594
-0.54916
-0.69237
-0.33137
0.22517
-0.81738
-0.18596
-0.92356
-0.76777
0.02388
-0.49567
-1.08392
-0.66042
0.21584
-0.67096
-1.14471
-0.02599
0.08282
-0.71027
-0.87754
-0.45923
-0.51967
-0.52068
-0.41819
-0.80565
-0.17876
-0.66918
-0.27809
-0.68537
-0.65884
-0.33673
-0.24706
-0.21074
-0.54969
-0.47934
-0.97037
-0.83787
-1.07755
-0.03887
-0.77679
-0.86414
-0.14381
-0.51377
-1.15370
0.62460
-0.08452
-0.81032
-0.48090
-0.64677
-0.12896
-1.19797
1.68137
-0.95018
0.30603
-1.21248
-1.19880
-1.14245
-0.63575
-1.16070
-1.19351
-0.49363
-0.81150
0.16084
-0.51307
-0.75335
-0.47385
0.30893
-1.15397
-1.05497
-0.29650
-1.09233
-1.14411
-1.03723
-0.60970
-0.45309
-0.20679
-0.89061
0.03901
-0.72925
-0.83461
-0.33523
-0.45563
-0.60072
-0.95891
-0.36878
-0.12494
-0.72203
-0.41695
-0.10816
-0.69231
1.15060
-0.85267
-0.79028
-0.96483
-1.08828
-0.39352
-0.81293
0.83159
-1.04472
0.19623
-0.40601
-0.81748
0.32950
-0.38463
-1.10451
0.29383
0.17694
-1.10730
-0.35579
-0.61878
-0.76478
-0.40606
-0.12339
-0.89355
-0.21398
-0.63342
-0.26241
-0.62096
-0.50045
-0.25532
-0.89556
-1.06910
-0.08621
-0.78845
-0.52279
-0.33177
0.21494
-0.79272
-0.77841
-1.00437
0.05974
-1.13117
-1.10985
-0.65938
1.09643
-0.88646
-0.27015
-0.21297
-0.82348
-1.19679
-0.74792
-0.84770
-0.17561
-0.91187
-0.75028
-0.86053
-0.70058
-0.49799
-0.30462
-0.98793
-0.58580
1.06044
-0.53632
-0.91639
-0.98958
-1.01534
-0.72011
-0.18999
-1.05253
-0.57595
-0.14053
-0.60105
0.05109
-0.96278
-0.36138
-0.56327
0.21934
-1.13212
-0.76242
-0.62210
-0.39917
-0.13464
-0.47009
0.25215
-0.85353
-0.02683
-1.11535
0.20726
-0.21487
-0.82492
-0.16471
-0.28824
-1.14433
-0.85478
-0.21105
-0.42471
0.16529
-1.12722
-0.65588
-0.55255
-0.75107
0.54443
-1.06812
-0.91133
-0.47692
-0.79839
-0.77224
0.83809
-0.71931
0.03152
-0.69161
-0.77823
-0.80049
-0.81054
-0.35251
-0.19924
-0.73776
-0.48142
-0.86291
0.23199
-0.94633
-0.88316
-0.82789
-0.67706
-0.22720
-0.42005
-0.27513
0.12530
-1.08799
-0.40933
-1.00576
-0.19983
0.16143
-0.86390
-0.43562
-0.77362
0.14568
-0.62589
-0.08153
-1.05658
-0.87921
-0.46628
-0.62053
0.33784
-0.83708
-0.41117
-0.37961
-0.49560
-0.22071
0.03415
-1.21333
-1.11565
-0.60714
-0.00683
-0.60077
-0.96623
-0.58620
-0.65184
-0.35976
-0.48456
-1.00137
-0.96599
-0.52125
-0.59159
-0.57794
0.24903
-0.29131
-0.45721
0.24725
-0.71311
0.76102
-1.21101
-1.03424
-0.72555
-0.34725
-0.28851
0.06936
-0.68719
-1.06606
-0.82918
-0.25949
-0.63659
-0.93461
0.15306
-0.85215
-0.53868
-0.55627
-0.54791
-0.57785
-0.80940
-0.63945
-0.97618
-0.83670
-0.67416
-0.79223
-0.32712
-0.63503
0.19462
-0.73947
-0.43254
-0.11704
-0.67874
-0.33519
0.20393
-0.89573
-0.94356
-0.97814
-0.58130
-0.70527
-0.87829
-0.50954
-0.89361
-0.13538
0.25862
-0.81787
-0.34394
-0.84322
-0.47775
-0.89885
0.05794
-0.64916
-0.17123
0.17920
-1.16102
-0.96726
-0.69660
1.53063
-0.42959
-0.67473
-0.39722
-0.46354
-1.02869
-1.10391
-0.50004
-0.77476
1.17696
-1.00213
-0.07578
-0.87807
-0.65763
-0.75715
-0.89929
0.48592
0.18539
-0.38946
-1.07065
-0.44102
-1.04864
-0.77051
-0.97010
-1.08157
-0.54518
-0.25495
-0.90161
-1.20638
-0.38140
-0.62579
-0.94510
0.21837
-1.02784
-0.99883
-0.30406
-0.29499
-1.10795
-0.98799
-0.58172
-0.42812
-0.29423
-0.64040
0.17365
-1.07932
-0.20235
0.46244
-0.14304
-0.81855
-0.62109
-1.05942
-1.09422
-0.40209
-0.40870
-0.35128
-0.51179
-0.86396
-0.63540
-0.25040
-1.02494
-0.10094
-1.10267
0.06155
-0.92138
-0.44383
-0.23082
0.98104
-0.88365
-0.80026
-0.22674
-0.89543
-1.08382
-0.95997
-0.44691
-0.75330
0.34388
-0.83985
-0.82762
-0.95777
-1.10620
-0.88514
0.45478
-0.96808
-0.16339
-0.61704
0.08400
-0.56964
-0.06598
-0.45921
-1.02562
-1.05509
0.72969
-0.73031
-0.52834
-1.00056
-0.45093
-0.39491
-0.50128
-1.04958
-0.85814
-0.83859
-0.74730
0.18601
-0.87109
-0.85543
-0.81246
-0.60638
-0.66924
-0.21120
-0.78899
-0.26608
-0.96183
-0.84395
-0.86591
-0.34872
-0.18070
-0.49829
-0.56762
-0.32702
-0.51359
-0.95044
-1.04134
0.11482
