-0.57064
-0.73479
-0.32001
-0.51702
-0.70852
-1.08458
-0.97890
-1.06644
-0.33295
-1.02902
-0.62655
-0.95468
-1.06745
-0.85181
-0.45946
-1.11882
-0.80699
-1.10355
-0.45868
-0.73105
-1.16917
-0.66130
-0.80372
-1.00400
-0.99796
-0.97006
-0.69125
-1.07189
-0.20764
-0.97442
-0.84202
-0.80381
-0.83944
-0.77702
-1.06111
-0.41552
-0.65465
0.05386
-1.08710
-0.96695
-0.43124
-0.82417
-0.66380
-0.77177
-1.04248
-0.99641
-0.36038
-1.02845
-0.86692
-1.09161
-0.87314
-1.19713
-0.79131
-1.20409
-0.73685
-1.02817
-0.55964
-0.45366
-0.88109
-0.97258
-0.78825
-0.47309
-0.68736
-0.64554
-0.92632
-0.37563
0.09967
-1.19846
-0.43637
-0.87545
-0.09764
-1.16943
-1.13261
-0.87863
-1.16076
-0.83252
-1.05121
-1.19270
-1.12447
-0.95207
-0.80336
0.11294
-0.83424
0.81955
-0.73346
-1.15979
-0.63386
-1.09837
-0.06122
-0.87177
-1.11001
-0.23324
-0.57362
-0.90813
-0.73318
-0.10024
-0.06991
-0.59594
-0.76777
-0.66042
-0.87754
-0.80565
-0.68537
-0.65884
-1.07755
-0.86414
-1.19880
-0.63575
-1.19351
-1.05497
-1.14411
-1.03723
-0.33523
-0.95891
-0.69231
-0.96483
0.17694
-0.35579
-0.89355
-0.62096
-0.08621
-1.10985
-1.19679
-0.86053
-0.98958
-1.01534
-0.57595
-0.36138
-0.85353
-0.85478
-0.65588
-0.91133
-0.47692
-0.80049
-0.48142
-0.88316
-0.40933
-0.77362
-1.05658
-0.87921
-0.62053
-1.11565
-0.58620
-0.96599
-1.03424
-0.68719
-0.82918
-0.25949
-0.83670
-0.63503
-0.94356
-0.58130
-0.87829
-0.50954
-0.96726
-0.67473
-1.02869
0.48592
-1.04864
-0.97010
-0.38140
-0.99883
-0.98799
0.46244
-1.09422
-0.51179
-0.23082
-1.08382
-1.10620
-0.88514
-0.56964
-1.05509
-1.00056
-0.83859
-0.81246
-0.26608
-0.51359
0.11482
