-0.13977
-0.29481
-0.21690
-0.48500
-1.24979
0.32847
-0.71736
0.10726
-0.96986
0.84697
-0.56239
-0.38733
-0.11362
-0.78976
-0.96791
-0.34614
-0.78980
0.03596
0.21931
-1.05279
0.05771
-0.21541
-1.16768
-0.05900
0.10224
-0.07181
-1.11013
-1.07881
-0.37412
-0.16020
-0.67581
-0.70983
-0.11589
-0.49331
-0.03688
-0.86098
-0.09107
-0.92318
-0.59417
-0.58859
-1.02605
-0.61484
-1.11714
-0.88282
-1.04849
-0.16474
-0.36251
-0.83256
-0.83234
-0.00154
-0.35891
-0.89340
-0.44002
0.21489
-0.79360
-1.04512
-0.59037
-0.53625
-0.50546
-0.58107
-0.43327
-0.96910
0.05848
-0.00830
-0.60013
-0.43150
-0.67171
-0.39134
-0.91040
-0.90533
-0.79063
-0.59695
-0.90034
-0.20402
0.04680
-0.06910
0.03973
0.42707
-0.67437
-0.80801
-0.34764
-0.83346
-0.42119
-0.65298
-0.76097
-0.73333
-0.86776
-0.45772
-0.41485
-0.83368
-0.25632
-0.33162
-0.53234
0.60016
-0.58034
-1.04897
-0.78706
-0.27501
-0.99712
-0.05899
-0.89938
-1.19044
-0.29740
-0.91930
-1.06246
-0.89137
-0.61817
-0.36934
-0.92286
-0.99605
-0.57358
-0.59718
-0.76123
-0.61622
-0.74754
-1.11368
-0.57385
-0.51274
-0.45726
-0.58092
-1.01077
-1.05244
-0.62977
-0.41103
-0.85545
-0.00105
-0.38421
-0.70041
-0.86672
-0.44978
-0.28384
-0.54367
-0.91410
-0.07873
-0.11749
-0.76043
-0.60344
-0.00289
-0.12673
-0.71810
-0.46462
-0.45823
-0.74855
-0.27102
-1.17812
1.06138
2.79634
-0.90983
-0.83894
-0.52565
-0.51914
-0.44637
-0.94948
-0.81298
-0.35291
-0.93828
-0.42900
-0.70793
-0.31476
-1.11372
-0.54813
-0.59022
-0.82099
0.13240
-1.03082
-0.59071
-0.51576
-0.56119
-0.55723
-0.31400
-1.09958
-1.16060
-0.08688
-0.11484
-0.64369
-0.83795
0.00177
-0.72558
