-0.12101
1.26514
-0.04533
0.22052
-0.83257
0.40002
-0.61625
0.33552
0.87353
-0.66365
-0.53901
0.27490
0.24161
-0.73774
-0.38423
-0.85230
-0.32953
-1.18236
-0.61125
-0.59179
-0.27800
-0.51879
-0.16786
0.10337
-0.04183
0.10555
-0.79015
-0.88280
0.00101
-0.34652
-0.36315
-0.63302
-0.00664
-0.32429
-0.04607
-0.14002
-0.78132
-0.62691
-0.21777
-0.49242
-0.39522
-0.03035
-0.01065
0.07883
-0.38857
-0.03229
0.17503
-0.05778
-0.16584
-0.53668
1.53939
-0.59606
-0.00627
-0.08204
-0.63996
-0.27238
-0.43457
0.86300
-0.13978
-0.72848
0.01355
-0.13880
-0.46104
-0.50266
0.38656
-0.04915
-0.44369
-0.29728
0.19772
-0.34177
0.72019
0.36887
-0.79525
-0.35810
0.10191
0.16412
0.12679
0.23499
0.14837
-0.86369
-0.87038
0.39093
0.07437
-0.23812
-0.74654
-0.07462
0.08367
-0.12784
-0.39337
-0.54874
0.20786
-0.71986
0.00759
-0.27868
-0.65339
-0.56133
-0.33920
1.10515
-0.54835
-0.08911
-0.28001
0.31553
0.01909
-0.26807
0.35854
0.21979
-0.56811
-0.18935
0.02249
-1.02748
-0.35939
-0.28559
-0.21511
-0.62464
-0.51813
-0.71296
-0.22062
0.03348
-0.31514
-0.33681
-0.70785
-0.32663
-0.24636
-0.31564
-0.41895
-0.77519
-0.59944
-0.83267
-0.44288
1.56031
-0.40747
-0.53985
-0.50624
-0.56000
0.18282
0.18108
0.43105
-0.46795
0.16804
-0.58788
-0.17411
-0.43391
-0.36531
-0.55001
0.19021
0.04468
-0.40797
-0.20994
-1.23818
-0.82138
-0.55660
-0.15545
0.93034
0.20786
0.53613
0.05715
-1.04644
-0.33934
0.40652
0.05957
-0.81602
-0.05569
-0.32953
-0.45576
-0.23594
-0.35956
-0.89958
0.02723
-1.06927
-0.47523
0.21514
-0.15710
0.02566
-1.04111
-0.40002
-1.08887
0.08711
-0.90606
-0.69571
-0.07756
-0.15577
