-0.16581
-0.12246
-0.43907
-0.84118
-0.70824
-0.72157
-0.79919
-0.74513
-0.71054
-0.53158
-0.67995
-0.73950
-0.98130
-0.16916
-0.72606
-1.16222
-0.16933
-0.60202
0.53043
-0.97250
-0.56958
-0.34123
-0.57154
0.29801
-0.42332
-0.27765
-0.38901
-0.64235
-1.10478
-0.08461
-0.57709
-0.54176
-0.15942
0.02199
-0.75374
0.77612
0.26982
-0.72824
-1.11878
0.25480
-1.08068
-0.74818
-0.28953
-0.35777
-1.18939
0.34145
-1.05999
-0.79451
-0.30267
-0.63243
-0.63435
-0.86769
0.66829
-0.19068
-0.90143
-0.86128
0.56353
-0.21785
-0.27625
-0.98774
-0.73837
-0.15183
-0.35591
0.42323
-0.22707
-0.61683
-0.64022
-0.58584
0.18770
-0.54577
-0.60068
-0.88245
-0.62789
-0.85042
-0.38290
-0.85335
-0.99777
-0.27773
-0.50997
-0.50397
-0.58011
-0.19071
-0.16217
-0.83229
-1.01867
-1.07390
-1.02643
-1.04199
-0.49446
-0.63630
-0.89333
-0.68169
-0.91228
0.38006
-0.96949
0.11612
-0.49180
-0.34449
-0.01561
-0.50960
-1.07328
-0.61192
-0.70275
-0.84615
-0.35617
0.02356
-1.00784
0.51580
0.00692
-1.02161
-0.53953
-0.97636
-0.57940
-0.70583
-0.63597
0.54337
-0.93316
-0.23511
-0.78115
-0.86522
-0.71554
-0.90860
-0.47864
-0.21901
-1.13642
-0.37166
-0.40760
-0.25239
-0.39815
-0.47788
-0.92428
0.00931
-0.83797
-0.64192
-0.95211
-0.20877
-0.13844
-0.83783
-0.23216
-1.00683
-0.11987
-0.58878
-0.83317
-0.31822
-0.57063
-0.38931
-0.25124
-0.55560
-0.11568
-0.85827
-0.70401
-0.21885
0.13656
-0.87291
-0.48258
-0.76546
-0.84395
-0.51399
-0.99890
-0.56326
-0.72427
0.12927
-0.58669
-0.63687
0.62698
0.93938
0.04768
-0.64929
-0.47704
-0.77751
-0.42175
-0.56025
0.72537
-0.87688
-0.60017
0.13818
-0.80029
-0.34803
-0.83163
-0.91340
-0.58411
-0.29836
0.12001
-0.92220
-0.73153
-0.63272
-0.47291
-0.61903
-0.99498
0.12668
-0.90753
-0.53557
-0.73185
0.02023
-0.63874
-0.84125
-0.82047
-0.56848
-0.44835
-0.53600
-1.02459
-0.57591
-0.51256
-0.84627
-0.80202
-0.78161
-0.40601
-0.54995
-0.92769
-0.59924
-0.37529
-0.88706
-0.98154
0.07015
-0.60297
-0.85084
-0.20304
-0.25283
-0.93612
-0.69835
-0.67938
-0.90303
-0.96384
-0.33777
-0.51764
-0.53364
-0.14909
0.32803
0.00527
-0.68446
-1.05413
-0.80697
-1.08610
-0.74561
-0.62451
-0.97300
-0.12244
-0.53822
-0.75969
-0.61947
-0.86131
-0.75081
-0.88291
-0.88485
-0.84111
-0.52075
-0.76696
0.25410
-0.53645
-0.45517
-0.51183
-0.10628
-0.13660
-0.69350
-0.60669
-0.37090
0.17150
-0.50334
-0.51564
-0.65736
0.02982
-0.13995
-0.79552
-0.80141
-0.96076
-0.68309
-0.78973
-0.31641
-0.77951
-0.91175
-0.82755
-0.82268
-0.59832
-0.39759
-0.51371
-0.78775
-0.61022
-0.94852
0.01553
-0.67912
-0.71962
0.33365
-0.96196
-0.29711
-0.90316
-0.47038
-0.59568
-0.73172
0.09684
-1.18801
-1.04927
-0.69049
0.11063
-0.91422
-0.48281
-0.48457
-0.58284
-0.56678
-0.26225
-0.79653
-0.83944
-1.24312
-0.83070
-1.21849
-0.95650
0.17164
-0.04020
-0.49290
-0.19771
-0.55852
0.02083
-0.49153
-0.08257
-0.39839
-0.86985
-0.61528
-0.51073
-0.77313
-0.15782
-0.11204
-0.13186
-0.53053
-0.44877
-0.38559
-0.63378
-0.66819
-0.40085
-0.92860
-0.93491
-0.19157
0.09050
-0.82743
-0.64048
0.13267
-0.86122
-0.29614
-0.89285
-0.43872
0.35810
-0.21724
-0.89138
-0.36632
-0.65876
-0.67767
-1.24151
-0.27499
-0.15904
-0.42098
-0.34542
-0.82331
-1.05132
-0.53550
-1.18614
-0.96376
-0.31771
-0.75908
-0.44178
-0.83665
-0.37095
-0.41413
-0.45396
-0.72135
-0.28751
-0.71223
-0.56884
-0.82996
-0.73729
-0.21264
-0.06724
-1.13962
0.18120
-0.80124
0.71997
-0.86778
-0.16326
-0.98867
-0.94610
-0.50900
-0.98919
-0.33641
-0.82580
-0.19058
0.38824
-0.99414
-0.20969
-0.45059
-0.94103
-0.54947
-0.44059
-0.04608
-0.94674
-0.69109
-0.63539
-0.09728
-0.51561
-0.60744
0.18802
-0.50758
-0.71825
-0.87295
0.13827
-0.05027
-0.49892
0.71190
-0.83878
-0.46995
-1.11682
-1.12886
-0.97657
-0.36930
-0.84840
-0.35371
-1.22101
-0.91570
-0.65677
-1.10447
-0.44897
-0.46902
-0.94972
-0.39193
-0.78028
0.64501
-0.40141
-0.51037
-0.31877
-0.88598
-0.52740
0.59944
-0.79285
-0.82283
-0.83170
-0.96461
-0.48952
-0.05193
-0.83538
-0.84649
-0.32136
-0.33291
-0.51628
0.50891
-0.66130
-0.66892
-0.76080
-0.49544
-0.75046
-0.38909
-0.78503
-0.76397
-1.06576
-0.54634
-0.47439
-0.76886
-0.57067
0.08273
-0.50490
-1.10100
-0.17800
-0.80150
-1.02015
-0.43180
-0.88589
-0.17732
-0.80978
-0.39457
-0.67233
-0.41456
-0.94435
-0.23585
-0.45022
-0.04001
-0.28488
-0.17278
-0.35988
-0.64979
-0.63404
-0.37516
-0.44901
-0.87097
-0.51836
-0.64815
-0.60094
-0.35029
-0.58024
-0.24396
-0.58197
-0.17088
-0.19870
-0.35189
-0.70939
-0.98119
0.02360
0.01750
-0.98058
-0.56065
-0.89421
-0.89663
-0.20179
-0.08087
-1.01391
0.18204
-0.42390
-0.95249
-0.49561
0.16708
0.20596
-0.58774
-0.47364
-0.99849
-0.49793
-0.87820
-0.53353
-1.07634
-0.66398
-0.07423
-0.63492
-0.91817
-0.60439
-0.39404
-0.88479
-0.60091
-0.37183
-0.63229
-0.89444
-0.62720
-0.65267
-0.55805
-0.59907
-0.69640
-0.47805
-0.71906
-0.95070
-0.96480
0.27876
-0.48612
-0.83811
-0.55582
-0.61439
-0.91194
-0.39803
-0.02617
-0.09367
-0.23479
-0.81960
-0.88169
-0.93856
-1.00696
-0.43964
-0.10459
-0.14574
-0.19045
-0.76925
-0.26482
-0.54672
-0.92909
-0.84547
-0.03446
-0.30923
-0.81247
-0.58882
-0.09404
-0.68856
-0.63770
-0.35899
-0.43506
-0.54328
-0.66828
-0.67927
-0.62096
0.35975
-0.54480
-0.23077
-0.95475
-0.96334
-0.70500
-1.20523
-0.75848
-0.91332
-1.11362
1.07234
-0.65273
-0.72991
-0.71666
-1.22028
-0.37893
-0.89898
-0.95369
-0.58420
-0.00232
-0.96994
-0.76720
0.13123
-0.87528
0.32417
-0.99500
-0.42810
-0.38043
-0.46467
-0.42257
-0.12072
-0.58302
-0.60522
0.20467
-0.70667
-0.40613
-0.08778
-0.79818
-0.37605
-0.37734
-0.68246
-0.84458
-1.09281
0.12104
0.09568
-0.32111
-0.67794
-0.85074
-0.26924
0.22250
-0.70093
-0.43837
-0.63925
0.40282
-0.69445
-0.55402
-0.54913
-0.71790
-0.67175
-0.83619
-0.19086
-0.58207
-0.29791
-0.74858
-0.72696
-0.92599
-0.76740
-0.21546
-0.49540
-0.75874
-0.77985
-0.39520
-0.78329
-0.12061
-0.68197
-0.42799
-0.47186
-0.72309
-0.63017
-0.70447
-0.53535
-0.66288
-0.04703
-0.76393
-0.83871
-0.75863
-1.06282
-0.66370
-0.94843
0.68804
0.58404
0.58650
-1.24564
0.14842
1.07822
2.47572
-0.30245
-0.65248
0.53977
-0.63060
-1.24851
-1.24519
0.62458
-0.21879
-0.85697
-0.20019
-0.78270
-0.86757
-0.96779
-1.06057
-1.07851
-0.56767
-0.75178
-0.90248
-0.55805
0.17200
-0.64208
-0.97910
-0.35858
-0.22879
-0.67670
-0.39293
-0.52345
-0.75815
0.30551
-0.11438
0.05026
-0.66331
1.01504
0.18010
-0.61864
0.41826
-0.93929
-0.94821
-1.14233
-0.34492
-0.76300
-1.04948
-0.50299
0.10622
-0.66694
-0.48100
-0.42028
0.31073
-0.54790
-0.19325
-0.52882
-1.04642
-0.85574
-0.19588
-0.27058
-1.02426
-0.61227
-1.16239
-0.72236
-0.70928
-0.80948
-0.02668
-0.51950
-0.54584
-0.75693
-0.58942
-0.43710
-0.67678
-1.08905
-0.68084
-0.95620
-0.22497
-0.63384
-0.84342
-0.66984
-1.00941
-1.19257
-0.95132
-0.65352
-0.78696
-1.09613
0.14832
-0.39526
-0.96011
-0.62446
0.46472
-0.57293
-0.75044
-0.75028
-0.28205
-0.85096
-1.13820
-0.44688
-1.04894
-0.53403
-0.42081
-0.73179
-1.11491
-0.89331
-1.11657
0.22712
-0.68480
-0.66869
-0.44995
0.00550
-0.48112
-0.84128
-0.46595
-0.70103
-0.71226
0.10919
-0.55936
-0.86920
-0.73122
-0.30246
-0.82901
1.64506
-0.76122
0.00161
-0.32944
-0.55863
-0.84821
-1.08506
-1.11604
-1.01615
0.08813
0.07665
-0.17191
-0.54799
1.05403
-0.26404
-0.14723
-0.89226
-0.52138
-0.11773
-0.10603
-0.56473
-0.74979
-0.19800
-0.76513
-0.89210
-0.96796
-0.72799
-1.20212
-0.61819
-0.25574
-0.44795
-0.56047
-0.83043
-0.22283
-0.93335
-0.57022
-0.33132
-0.04146
-0.62352
-0.77134
-0.91112
-1.07717
