1.40074
1.82685
1.14663
1.90417
1.68663
1.42214
1.72089
0.77822
3.73590
0.99101
1.70525
-0.49173
2.06576
1.56744
1.57242
2.99105
1.81895
0.31529
0.95609
1.42328
2.50089
1.63101
3.76370
0.03380
4.84328
-0.26903
1.53115
2.61644
1.30741
2.43490
1.71350
3.15838
1.94122
-0.01522
0.70530
0.50028
2.20615
0.61280
3.58256
0.69474
2.75225
0.50194
0.59663
2.18042
1.56370
1.12297
1.25441
1.78690
0.25809
2.95881
1.01082
3.24558
0.54953
2.52618
4.13336
-0.01668
1.90659
2.16019
4.21272
-0.69761
-0.94020
3.32309
1.58077
0.38782
0.54209
2.23684
3.00828
0.01173
-0.39804
0.39206
0.42367
1.74487
2.69498
5.15340
0.80392
1.88960
0.71009
1.56398
1.55150
1.98606
2.77292
2.47088
1.70423
1.19707
2.75726
0.51222
2.47094
0.29025
1.25893
0.40659
1.41484
-1.03596
-0.39919
6.47751
0.75654
0.31603
1.39763
0.74824
1.40514
1.37239
0.47241
1.67738
4.34421
2.53552
1.41694
0.12685
0.52969
1.22394
1.79390
-0.13655
1.57064
1.41001
0.23084
0.94803
0.98147
-0.67968
2.85758
0.50873
-0.29780
3.19906
0.30159
0.26681
-0.06121
0.42060
0.85422
1.57039
4.59424
0.05975
-0.54787
0.98613
0.96805
1.86012
0.10080
1.18359
1.58639
0.70874
-0.45538
1.18798
-0.00052
0.82123
0.15476
0.19944
0.83817
0.43994
0.79951
0.60498
3.69966
2.09278
-0.70814
-0.41820
0.85688
2.05362
1.16002
0.97087
0.66259
2.61847
-0.00680
2.04257
2.20840
2.09780
0.86500
1.19642
0.84604
0.43465
-0.15240
1.32904
0.45567
1.69413
0.03309
-0.00035
0.26606
0.56578
2.14401
1.90235
0.81606
-0.02046
0.65537
-0.31396
2.49252
0.03229
