-0.71343
-1.00242
0.78113
-0.52143
0.30566
-0.95994
-1.17580
-0.37797
-0.01975
0.21293
-1.01540
-0.77674
-0.61179
-0.85582
-0.36343
-1.14724
-0.84444
-0.69117
-1.18830
-0.65300
-0.06416
-0.88398
-0.45369
-0.74221
-1.07706
-0.24679
-0.68730
-1.11914
-0.87021
-1.01015
-1.10835
-0.75330
-1.15943
-0.69425
-0.25332
1.14649
-1.20830
0.07794
-0.79885
-0.75097
0.02186
-0.12298
-0.45079
1.44579
-0.14801
-1.07500
0.29739
-1.07380
-0.89204
-1.20235
-1.04420
-0.82312
-0.89484
-0.95685
-0.50083
-0.42526
-1.09214
-0.80714
-0.96956
-0.93494
-0.98906
-0.33713
-0.34824
-1.00485
-0.95850
-0.63288
-0.36287
-0.65909
-0.87179
-0.95208
-0.99828
-0.19568
-1.14871
-0.42029
-1.20008
0.26882
-0.44669
-1.00802
-0.68540
-0.34973
-0.00356
-1.17979
-0.96885
-0.87675
-0.38923
-0.76815
-1.19743
-0.69676
-0.25983
-0.51720
-0.26013
0.07085
-0.85265
-0.86392
-1.11999
-0.35022
-0.79855
-0.82024
-0.96351
-0.78311
-1.20017
-0.56167
-0.98810
-1.18573
0.20458
-1.05396
-0.68016
-1.04390
-1.20150
-0.16137
-0.03842
0.53332
-0.64102
-0.40077
-1.02805
-1.14351
-0.75335
-1.13867
-0.87005
0.01364
-1.10201
-0.57597
0.54901
0.00865
-0.33053
-0.79491
-0.36103
0.27423
-1.00231
-0.94903
-0.48426
-1.15129
-1.05608
-0.75964
-0.34032
-1.14941
-0.22146
-1.21178
-1.16219
0.28959
-0.71146
-0.78040
-0.69420
-1.21428
-1.09201
-0.70373
-1.17377
-0.04309
-0.29617
-0.97791
0.54643
-0.95818
0.09808
0.03202
-1.14545
0.05891
0.90992
-0.89621
0.30536
-0.78512
-1.11757
-0.51477
0.63936
-1.02843
-0.98100
-0.15210
-0.27776
0.80022
0.67700
-0.20628
-1.09060
-0.57950
-1.05907
-0.90204
-0.05500
0.36889
-0.75836
-1.14524
