-0.66561
-1.16970
-0.24830
-0.62193
-1.06170
0.19086
-0.72923
-0.56795
-0.46862
-1.18215
-0.46170
-0.16444
-0.02888
-0.31228
-0.54985
-0.57603
0.90093
-1.01932
-0.88958
-0.99793
-0.60549
-0.40358
0.05711
-1.18054
-0.40479
-1.06279
-1.01210
-0.04175
-0.78398
-0.92489
-0.96227
-0.40339
0.97689
-0.20279
-1.19804
-0.80363
-0.05112
-0.79825
0.10158
-0.54569
-0.67203
-0.49109
-0.36391
-1.04125
-1.21037
-0.32274
-0.64726
-0.08233
-1.20527
-0.36077
-0.20118
-0.07159
-0.62383
-0.65563
0.33241
-1.18545
-0.91394
-0.25091
-0.17697
-0.24264
-0.43870
-0.49099
-1.21347
0.33207
-0.93327
-0.61813
-0.23341
-0.38121
-0.91010
-0.60481
-0.86485
-0.54767
1.11221
-1.18735
-1.20732
-1.18389
-0.45276
-0.22124
-0.90895
-0.52038
0.16885
0.23491
0.33755
1.04088
-1.20949
-1.18757
-0.58604
0.09721
0.65210
-1.18991
-0.64341
-0.52138
-0.67322
-0.59769
2.33886
-0.77919
-0.86620
-0.10402
-1.12482
-1.16146
-0.70672
0.20359
-0.18027
-0.87432
-0.37427
-1.16549
-0.81658
-0.81580
-0.38731
1.12031
-0.13327
-1.03892
0.66642
-1.18558
-0.70538
-0.31672
-1.20953
0.32522
-0.93778
-0.20552
-0.39712
0.89238
-0.15613
-1.13432
-1.13560
-0.76462
-1.00712
-1.17466
1.38804
-0.12393
0.59422
0.11697
-0.57551
-1.03465
-0.42901
-0.79578
-0.54899
-1.11218
-0.71905
-1.21459
-1.05088
0.64863
-0.94629
-0.92371
-0.51325
-0.05212
-1.21465
-0.76470
-0.79686
-0.98233
-1.09067
0.05824
-0.58668
0.35870
-0.59426
-0.84313
-0.89706
-0.46999
-0.20742
-1.04920
-0.49440
0.23355
-0.48707
-0.87665
-0.26913
-0.91910
-1.20562
-0.40897
-0.74790
-0.09807
-0.96912
-0.86305
0.16954
-0.55681
-0.86836
-0.19098
-1.09440
-0.53518
1.21594
-0.92069
-1.01960
-1.18092
-0.83100
-0.80729
-0.81650
-0.65998
-1.18364
-0.59288
0.01454
-0.96528
-0.83569
-0.39312
-0.56104
-1.18623
-0.15180
-0.86205
1.28673
-0.08416
-0.82567
-1.21413
-0.18203
0.25964
-1.12933
-0.23021
0.06065
0.23331
-0.93712
-0.72683
0.47763
-0.75810
-0.62800
-0.67760
-0.29491
0.00160
0.00600
-0.46306
-0.86345
-0.31534
0.08459
-1.16798
-1.13867
0.38525
-0.40521
-0.45023
-0.77434
0.12561
-0.31451
-0.95192
-0.39219
-0.04477
-1.09884
-0.40033
-0.05428
-1.12672
-0.72225
-0.54423
-1.14221
-0.71645
-0.96003
-0.75673
-0.85796
-0.78804
-0.88229
-0.49989
1.28972
-1.18185
-0.55846
-0.36497
-0.54653
-1.21462
-1.18738
1.24912
0.60727
-0.52582
-0.82977
-1.14015
1.25691
-0.66615
-0.51933
0.26998
-1.08557
-0.50614
-0.84633
-0.85044
1.03988
-0.25899
-0.68206
-0.13385
-1.20753
-0.96248
-0.50227
-0.62328
-0.08429
-1.09182
-0.95553
-0.26761
-0.98624
-0.64657
-0.09775
-0.56727
-0.35043
0.00205
-0.80722
0.35557
-0.62528
-0.18541
-0.61698
-0.94134
-0.35293
0.35641
-1.19792
-0.44900
0.74386
0.32345
-0.89710
-0.95882
-0.83990
-0.41836
0.37652
0.52405
-1.19878
-1.18395
-0.35099
-1.11899
-1.21216
-0.70709
-0.33401
-0.15082
-0.59463
-0.87037
0.21301
-1.14928
0.46323
-0.32380
-0.55866
0.00798
-1.10166
-0.36633
-0.57355
-1.08049
0.35242
-1.10629
-0.72949
-0.63045
0.06550
-0.56087
-0.90692
0.19173
-0.21543
0.46022
-0.07089
-1.16468
-0.93815
-0.46085
-0.96699
-1.14807
-0.79799
-0.57818
-0.36706
-0.31228
-0.78171
0.06505
-0.86888
-1.08049
-0.87398
-1.21405
-0.61756
-0.54521
-0.74079
-0.63656
-0.56387
-0.38245
-1.21455
-0.85698
-0.41924
-1.12857
-0.08980
-0.76775
-0.73334
0.27278
-1.07590
-0.75943
-0.64681
-0.62656
-0.89259
0.02252
-0.84874
-0.65644
-0.28045
-1.17543
-0.54600
-0.42918
-0.70735
-0.21034
-1.21332
-0.98004
-0.11436
-0.56989
-0.33150
-1.10579
-0.29804
-1.11296
-0.73330
0.53780
-0.33154
-1.19248
-0.63546
0.57231
-0.60150
-0.71588
-0.90141
-0.55041
-0.68463
-0.65336
-1.05222
1.17098
-1.08341
-0.72254
0.19510
0.59339
-0.94130
-0.50314
-0.61869
-0.33676
-0.93143
-0.75892
-0.87283
-0.56726
-0.57098
-0.12532
1.82028
-0.72644
-0.41702
-1.20302
-0.47931
-0.77233
-0.96043
-0.58996
-0.30930
-1.03347
-1.15877
-0.92857
-1.17877
0.00658
-1.13165
-1.15084
0.75482
-1.00543
-0.49242
-0.52094
-0.96376
-0.59743
0.66381
-1.13762
-0.63575
-0.25882
0.14947
-0.79727
0.51746
-0.84303
-0.13711
0.12360
-0.77501
0.49510
-0.55739
-0.74301
-0.86022
0.32365
-0.96587
-0.50763
-0.56977
-1.09101
-1.02483
0.19688
-0.89579
-0.40218
-0.57870
1.30334
-1.21453
-0.75261
-0.39184
-0.61346
-0.64179
-0.88792
-0.61013
0.23139
-0.70965
-1.08222
-0.87076
-1.05914
-0.76730
-0.92355
-0.89483
1.82563
-0.74233
-0.77222
-0.92466
0.00076
1.18805
-0.29638
-0.93456
-0.67354
1.00033
-1.04864
-0.72790
-0.24199
-1.07160
-0.35507
0.00084
-0.30197
0.03065
-1.03635
-0.86443
-0.06816
-1.10733
-0.49569
-1.12344
-1.21456
-0.94442
-0.75703
0.90497
-0.65104
-0.03270
-1.20956
0.54558
-1.02689
-0.59089
-0.20089
-1.11776
0.28337
-1.16869
0.11950
-0.10965
-0.76497
1.84456
-1.20928
-0.66494
-1.09854
-1.14620
-0.65677
0.58717
-0.19156
-0.77215
-0.93631
0.10291
0.73395
-1.01962
-0.81143
-0.16054
-0.59372
-0.11078
-0.85174
-0.62671
-0.35848
-0.60906
-0.42074
-0.70115
-0.48668
-0.67377
-0.28921
-0.35717
-0.42966
0.16930
-0.38542
-0.61344
-0.65340
-0.25455
-0.99470
-1.20271
-0.97938
-0.26464
-0.46231
-0.57952
-0.70061
-0.63731
-1.21333
-1.04180
-0.99601
-1.04101
-0.56269
-1.02866
1.58766
0.34413
-1.16872
-0.82544
-0.81513
-0.43711
-0.13212
-0.78635
0.04324
-1.02976
-0.81075
-0.97380
1.01072
0.32061
-1.09271
-0.94748
-1.12745
-1.15066
-0.97515
-0.71389
-1.05851
0.08958
-1.03475
-0.96486
-0.87168
1.13361
0.28056
-0.04975
-1.21395
0.45490
-0.79540
0.16725
0.10192
-1.17852
-1.11364
-0.94945
-0.91547
-0.22155
-1.07716
-0.38438
0.46596
0.23066
0.88852
-0.34334
-0.04090
-1.21390
-0.41232
-0.56862
-1.06524
0.89475
-0.44467
-1.12693
-0.79065
-1.19964
-0.26693
0.09355
-0.99869
-0.71044
-0.36038
-0.79362
-1.18555
-0.17686
-1.09596
-0.25750
0.70643
-0.24401
-0.57531
-1.06309
0.23777
-0.88284
0.20492
-0.27907
-0.95185
-0.61722
-0.54141
-1.16818
0.29343
-0.89821
-1.18366
-1.08151
-1.20121
-0.54790
1.24794
0.63971
-0.03599
-0.21357
-0.78878
0.32999
-0.46643
-0.69788
-1.06495
-0.71324
0.21766
-0.25218
0.01551
-1.10911
4.80259
-1.19408
-1.18845
-0.91803
0.68141
-0.36116
1.02141
-0.90201
-0.47864
-0.59555
-0.94374
0.19593
-0.28736
-0.80978
-1.10920
-0.27226
-0.80102
-0.56652
-0.42478
-0.48710
1.39406
-0.42806
-1.03651
-0.14508
-0.73071
-1.17169
-0.67689
-0.29073
-0.07059
-0.22003
-0.99828
-0.63269
-1.16101
-0.18056
-1.04443
0.09775
-0.53188
0.44035
-1.04814
-0.38363
-0.96935
-1.21078
-0.48527
-0.78424
-0.21330
-1.06403
-1.12348
-0.58304
-0.83055
-0.17861
-1.00878
0.10399
0.97510
-0.66418
-0.07133
-0.76047
-0.12916
-0.75372
-1.00736
-1.08912
-0.96557
-1.17627
0.95618
-0.84779
-0.44166
-0.98310
-0.33994
-1.21278
-0.38775
-0.52676
0.00699
-0.03412
-0.86008
-0.77487
-0.62550
0.05005
-0.97610
-0.32864
-0.46921
-1.19196
-0.72308
-0.68965
-0.75149
-1.21106
-0.72171
-1.11444
-0.33789
-0.32650
0.15629
-0.81454
-0.80402
-0.59274
-0.69487
2.05342
-1.09658
-0.41329
-0.45718
-0.53681
-1.00141
-0.28875
-0.97240
0.08485
-1.18273
-0.59625
-0.63443
-1.20567
-0.28012
0.19271
-0.38483
-0.09298
0.05753
-1.17149
-1.10821
-0.13144
-0.85366
-1.03943
-1.19724
-0.91649
0.12240
-0.35522
-0.23740
-0.62611
-1.17668
-1.20834
-0.31906
-0.79736
-0.74789
0.27348
-0.14899
-1.20918
-0.74346
-0.93641
-0.30877
-0.51979
-0.88564
-0.82781
-0.20778
-0.36284
-0.42946
-0.88282
-1.20225
-0.26816
-0.90587
-1.00324
-0.44243
-0.07979
-0.25561
-0.75465
-0.52641
-1.08368
-0.37679
0.46625
-1.13248
0.59542
-1.08031
1.18886
-1.01897
-0.82643
-1.19283
0.16409
-1.09529
-0.93661
0.59554
-0.95429
-0.65792
